   Residue Number     State  0     State  1     State  2     State  3     State  4 
-----------------------------------------------------------------------------------
Residue: GL4 4    0.405794 (0) 0.349753 (1) 0.016120 (1) 0.201322 (1) 0.027010 (1) 
Residue: GL4 5    0.638426 (0) 0.172482 (1) 0.012090 (1) 0.150312 (1) 0.026690 (1) 
Residue: LYS 7    0.999820 (3) 0.000180 (2) 
Residue: HIP 11   0.980370 (2) 0.013060 (1) 0.006570 (1) 
Residue: GL4 13   0.225162 (0) 0.269983 (1) 0.093051 (1) 0.269433 (1) 0.142371 (1) 
Residue: LYS 18   0.999600 (3) 0.000400 (2) 
Residue: GL4 20   0.057281 (0) 0.418204 (1) 0.049280 (1) 0.430184 (1) 0.045050 (1) 
Residue: AS4 24   0.915659 (0) 0.043710 (1) 0.001050 (1) 0.038690 (1) 0.000890 (1) 
Residue: LYS 27   0.999800 (3) 0.000200 (2) 
Residue: AS4 30   0.429014 (0) 0.295333 (1) 0.031320 (1) 0.224492 (1) 0.019840 (1) 
Residue: GL4 33   0.290473 (0) 0.333313 (1) 0.032170 (1) 0.314973 (1) 0.029070 (1) 
Residue: AS4 37   0.833698 (0) 0.072791 (1) 0.001320 (1) 0.090701 (1) 0.001490 (1) 
Residue: GL4 39   0.157052 (0) 0.304323 (1) 0.175982 (1) 0.244272 (1) 0.118371 (1) 
Residue: AS4 40   0.916839 (0) 0.039400 (1) 0.002320 (1) 0.039570 (1) 0.001870 (1) 
Residue: LYS 41   0.999990 (3) 0.000010 (2) 
Residue: LYS 42   0.999980 (3) 0.000020 (2) 
Residue: GL4 48   0.891279 (0) 0.047460 (1) 0.005870 (1) 0.049510 (1) 0.005880 (1) 
Residue: LYS 52   0.998160 (3) 0.001840 (2) 
Residue: AS4 58   0.989740 (0) 0.005420 (1) 0.000010 (1) 0.004810 (1) 0.000020 (1) 
Residue: LYS 59   1.000000 (3) 0.000000 (2) 
Residue: LYS 64   0.999770 (3) 0.000230 (2) 
Residue: LYS 69   0.999760 (3) 0.000240 (2) 
Residue: GL4 73   0.408814 (0) 0.262173 (1) 0.029920 (1) 0.262093 (1) 0.037000 (1) 
Residue: AS4 77   0.920339 (0) 0.048520 (1) 0.000760 (1) 0.029690 (1) 0.000690 (1) 
Residue: GL4 78   0.447654 (0) 0.232972 (1) 0.032070 (1) 0.257613 (1) 0.029690 (1) 
Residue: LYS 82   1.000000 (3) 0.000000 (2) 
Residue: AS4 87   0.690637 (0) 0.121021 (1) 0.020280 (1) 0.129311 (1) 0.038750 (1) 
Residue: GL4 93   0.880449 (0) 0.049090 (1) 0.009090 (1) 0.049950 (1) 0.011420 (1) 
Residue: GL4 94   0.190182 (0) 0.352014 (1) 0.052581 (1) 0.351514 (1) 0.053711 (1) 
Residue: HIP 97   0.977860 (2) 0.011030 (1) 0.011110 (1) 
Residue: LYS 99   0.999860 (3) 0.000140 (2) 
Residue: LYS 102  0.999890 (3) 0.000110 (2) 
Residue: LYS 109  0.999690 (3) 0.000310 (2) 
Residue: LYS 111  0.999990 (3) 0.000010 (2) 
Residue: LYS 114  0.999590 (3) 0.000410 (2) 
Residue: AS4 117  0.639116 (0) 0.175212 (1) 0.002430 (1) 0.179762 (1) 0.003480 (1) 
