   Residue Number     State  0     State  1     State  2     State  3     State  4 
-----------------------------------------------------------------------------------
Residue: GL4 4    0.572356 (0) 0.269053 (1) 0.009890 (1) 0.136601 (1) 0.012100 (1) 
Residue: GL4 5    0.805488 (0) 0.092871 (1) 0.006070 (1) 0.083881 (1) 0.011690 (1) 
Residue: LYS 7    0.999780 (3) 0.000220 (2) 
Residue: HIP 11   0.969520 (2) 0.020820 (1) 0.009660 (1) 
Residue: GL4 13   0.384774 (0) 0.215842 (1) 0.067971 (1) 0.224492 (1) 0.106921 (1) 
Residue: LYS 18   0.998740 (3) 0.001260 (2) 
Residue: GL4 20   0.151182 (0) 0.386134 (1) 0.040090 (1) 0.386254 (1) 0.036340 (1) 
Residue: AS4 24   0.960020 (0) 0.023100 (1) 0.000450 (1) 0.016140 (1) 0.000290 (1) 
Residue: LYS 27   0.999420 (3) 0.000580 (2) 
Residue: AS4 30   0.639386 (0) 0.170732 (1) 0.023900 (1) 0.148791 (1) 0.017190 (1) 
Residue: GL4 33   0.417824 (0) 0.270633 (1) 0.030310 (1) 0.259263 (1) 0.021970 (1) 
Residue: AS4 37   0.893069 (0) 0.041360 (1) 0.000910 (1) 0.064211 (1) 0.000450 (1) 
Residue: GL4 39   0.232242 (0) 0.250973 (1) 0.188002 (1) 0.214892 (1) 0.113891 (1) 
Residue: AS4 40   0.961970 (0) 0.017780 (1) 0.000710 (1) 0.018740 (1) 0.000800 (1) 
Residue: LYS 41   0.999950 (3) 0.000050 (2) 
Residue: LYS 42   0.999950 (3) 0.000050 (2) 
Residue: GL4 48   0.938969 (0) 0.027560 (1) 0.003730 (1) 0.027200 (1) 0.002540 (1) 
Residue: LYS 52   0.997180 (3) 0.002820 (2) 
Residue: AS4 58   0.995430 (0) 0.002240 (1) 0.000000 (1) 0.002320 (1) 0.000010 (1) 
Residue: LYS 59   0.999990 (3) 0.000010 (2) 
Residue: LYS 64   0.999760 (3) 0.000240 (2) 
Residue: LYS 69   0.999530 (3) 0.000470 (2) 
Residue: GL4 73   0.510065 (0) 0.216232 (1) 0.025250 (1) 0.212832 (1) 0.035620 (1) 
Residue: AS4 77   0.968540 (0) 0.018910 (1) 0.000290 (1) 0.012030 (1) 0.000230 (1) 
Residue: GL4 78   0.574586 (0) 0.160762 (1) 0.026250 (1) 0.208222 (1) 0.030180 (1) 
Residue: LYS 82   0.999920 (3) 0.000080 (2) 
Residue: AS4 87   0.822388 (0) 0.065081 (1) 0.013980 (1) 0.072781 (1) 0.025770 (1) 
Residue: GL4 93   0.936559 (0) 0.027780 (1) 0.004070 (1) 0.026050 (1) 0.005540 (1) 
Residue: GL4 94   0.385494 (0) 0.266823 (1) 0.043370 (1) 0.264683 (1) 0.039630 (1) 
Residue: HIP 97   0.965460 (2) 0.024920 (1) 0.009620 (1) 
Residue: LYS 99   0.999860 (3) 0.000140 (2) 
Residue: LYS 102  0.999810 (3) 0.000190 (2) 
Residue: LYS 109  0.999250 (3) 0.000750 (2) 
Residue: LYS 111  0.999950 (3) 0.000050 (2) 
Residue: LYS 114  0.999600 (3) 0.000400 (2) 
Residue: AS4 117  0.772128 (0) 0.121791 (1) 0.001350 (1) 0.102551 (1) 0.002180 (1) 
