   Residue Number     State  0     State  1     State  2     State  3     State  4 
-----------------------------------------------------------------------------------
Residue: GL4 4    0.746177 (0) 0.162952 (1) 0.005400 (1) 0.079991 (1) 0.005480 (1) 
Residue: GL4 5    0.904149 (0) 0.045070 (1) 0.003200 (1) 0.043590 (1) 0.003990 (1) 
Residue: LYS 7    0.999870 (3) 0.000130 (2) 
Residue: HIP 11   0.945929 (2) 0.041210 (1) 0.012860 (1) 
Residue: GL4 13   0.608886 (0) 0.142721 (1) 0.039570 (1) 0.152522 (1) 0.056301 (1) 
Residue: LYS 18   0.996950 (3) 0.003050 (2) 
Residue: GL4 20   0.346043 (0) 0.298493 (1) 0.030120 (1) 0.295073 (1) 0.030270 (1) 
Residue: AS4 24   0.983470 (0) 0.009540 (1) 0.000300 (1) 0.006580 (1) 0.000110 (1) 
Residue: LYS 27   0.999170 (3) 0.000830 (2) 
Residue: AS4 30   0.777228 (0) 0.107481 (1) 0.015440 (1) 0.089551 (1) 0.010300 (1) 
Residue: GL4 33   0.607336 (0) 0.183672 (1) 0.017930 (1) 0.175152 (1) 0.015910 (1) 
Residue: AS4 37   0.902429 (0) 0.038170 (1) 0.000540 (1) 0.058561 (1) 0.000300 (1) 
Residue: GL4 39   0.379274 (0) 0.190062 (1) 0.144111 (1) 0.171422 (1) 0.115131 (1) 
Residue: AS4 40   0.981310 (0) 0.008820 (1) 0.000380 (1) 0.008800 (1) 0.000690 (1) 
Residue: LYS 41   0.999920 (3) 0.000080 (2) 
Residue: LYS 42   0.999960 (3) 0.000040 (2) 
Residue: GL4 48   0.963850 (0) 0.016170 (1) 0.001240 (1) 0.017890 (1) 0.000850 (1) 
Residue: LYS 52   0.991360 (3) 0.008640 (2) 
Residue: AS4 58   0.998740 (0) 0.000500 (1) 0.000030 (1) 0.000720 (1) 0.000010 (1) 
Residue: LYS 59   0.999900 (3) 0.000100 (2) 
Residue: LYS 64   0.999260 (3) 0.000740 (2) 
Residue: LYS 69   0.999350 (3) 0.000650 (2) 
Residue: GL4 73   0.636996 (0) 0.153112 (1) 0.024380 (1) 0.147521 (1) 0.037990 (1) 
Residue: AS4 77   0.984450 (0) 0.008860 (1) 0.000240 (1) 0.006330 (1) 0.000120 (1) 
Residue: GL4 78   0.692247 (0) 0.098581 (1) 0.016340 (1) 0.176942 (1) 0.015890 (1) 
Residue: LYS 82   0.999530 (3) 0.000470 (2) 
Residue: AS4 87   0.887599 (0) 0.040580 (1) 0.010350 (1) 0.042060 (1) 0.019410 (1) 
Residue: GL4 93   0.976210 (0) 0.010200 (1) 0.001310 (1) 0.010470 (1) 0.001810 (1) 
Residue: GL4 94   0.616436 (0) 0.165472 (1) 0.028920 (1) 0.161192 (1) 0.027980 (1) 
Residue: HIP 97   0.930769 (2) 0.057501 (1) 0.011730 (1) 
Residue: LYS 99   0.999700 (3) 0.000300 (2) 
Residue: LYS 102  0.999670 (3) 0.000330 (2) 
Residue: LYS 109  0.998690 (3) 0.001310 (2) 
Residue: LYS 111  0.999940 (3) 0.000060 (2) 
Residue: LYS 114  0.998620 (3) 0.001380 (2) 
Residue: AS4 117  0.876739 (0) 0.073321 (1) 0.000950 (1) 0.047790 (1) 0.001200 (1) 
