   Residue Number     State  0     State  1     State  2     State  3     State  4 
-----------------------------------------------------------------------------------
Residue: GL4 4    0.861549 (0) 0.094961 (1) 0.002710 (1) 0.038750 (1) 0.002030 (1) 
Residue: GL4 5    0.955170 (0) 0.021010 (1) 0.001310 (1) 0.020880 (1) 0.001630 (1) 
Residue: LYS 7    0.999490 (3) 0.000510 (2) 
Residue: HIP 11   0.909529 (2) 0.073281 (1) 0.017190 (1) 
Residue: GL4 13   0.826388 (0) 0.059741 (1) 0.017320 (1) 0.073691 (1) 0.022860 (1) 
Residue: LYS 18   0.996050 (3) 0.003950 (2) 
Residue: GL4 20   0.613156 (0) 0.176132 (1) 0.014560 (1) 0.175772 (1) 0.020380 (1) 
Residue: AS4 24   0.993640 (0) 0.003780 (1) 0.000010 (1) 0.002540 (1) 0.000030 (1) 
Residue: LYS 27   0.998640 (3) 0.001360 (2) 
Residue: AS4 30   0.896319 (0) 0.049410 (1) 0.007860 (1) 0.041830 (1) 0.004580 (1) 
Residue: GL4 33   0.784798 (0) 0.099241 (1) 0.008310 (1) 0.094051 (1) 0.013600 (1) 
Residue: AS4 37   0.901029 (0) 0.046820 (1) 0.000240 (1) 0.051621 (1) 0.000290 (1) 
Residue: GL4 39   0.567196 (0) 0.122901 (1) 0.106251 (1) 0.117041 (1) 0.086611 (1) 
Residue: AS4 40   0.991150 (0) 0.004070 (1) 0.000350 (1) 0.004160 (1) 0.000270 (1) 
Residue: LYS 41   0.999810 (3) 0.000190 (2) 
Residue: LYS 42   0.999840 (3) 0.000160 (2) 
Residue: GL4 48   0.972600 (0) 0.010900 (1) 0.000420 (1) 0.015400 (1) 0.000680 (1) 
Residue: LYS 52   0.982100 (3) 0.017900 (2) 
Residue: AS4 58   0.999490 (0) 0.000260 (1) 0.000000 (1) 0.000250 (1) 0.000000 (1) 
Residue: LYS 59   0.999440 (3) 0.000560 (2) 
Residue: LYS 64   0.998660 (3) 0.001340 (2) 
Residue: LYS 69   0.998830 (3) 0.001170 (2) 
Residue: GL4 73   0.791858 (0) 0.083861 (1) 0.015020 (1) 0.076471 (1) 0.032790 (1) 
Residue: AS4 77   0.993220 (0) 0.003950 (1) 0.000020 (1) 0.002800 (1) 0.000010 (1) 
Residue: GL4 78   0.765998 (0) 0.062801 (1) 0.005890 (1) 0.159102 (1) 0.006210 (1) 
Residue: LYS 82   0.999520 (3) 0.000480 (2) 
Residue: AS4 87   0.948949 (0) 0.020590 (1) 0.005950 (1) 0.020670 (1) 0.003840 (1) 
Residue: GL4 93   0.992150 (0) 0.003700 (1) 0.000340 (1) 0.003540 (1) 0.000270 (1) 
Residue: GL4 94   0.809758 (0) 0.082991 (1) 0.012610 (1) 0.079101 (1) 0.015540 (1) 
Residue: HIP 97   0.851609 (2) 0.131171 (1) 0.017220 (1) 
Residue: LYS 99   0.999400 (3) 0.000600 (2) 
Residue: LYS 102  0.999560 (3) 0.000440 (2) 
Residue: LYS 109  0.998900 (3) 0.001100 (2) 
Residue: LYS 111  0.999480 (3) 0.000520 (2) 
Residue: LYS 114  0.998270 (3) 0.001730 (2) 
Residue: AS4 117  0.936229 (0) 0.043040 (1) 0.000690 (1) 0.019020 (1) 0.001020 (1) 
