   Residue Number     State  0     State  1     State  2     State  3     State  4 
-----------------------------------------------------------------------------------
Residue: GL4 4    0.112284 (0) 0.429097 (1) 0.034841 (1) 0.391416 (1) 0.032361 (1) 
Residue: GL4 5    0.183367 (0) 0.398976 (1) 0.029561 (1) 0.361014 (1) 0.027081 (1) 
Residue: LYS 7    1.000000 (3) 0.000000 (2) 
Residue: HIP 11   0.997240 (2) 0.002720 (1) 0.000040 (1) 
Residue: GL4 13   0.318213 (0) 0.280531 (1) 0.002760 (1) 0.396096 (1) 0.002400 (1) 
Residue: LYS 18   1.000000 (3) 0.000000 (2) 
Residue: GL4 20   0.022681 (0) 0.278091 (1) 0.021441 (1) 0.643906 (1) 0.033881 (1) 
Residue: AS4 24   0.601544 (0) 0.205048 (1) 0.006040 (1) 0.180767 (1) 0.006600 (1) 
Residue: LYS 27   0.997720 (3) 0.002280 (2) 
Residue: AS4 30   0.518301 (0) 0.181247 (1) 0.113725 (1) 0.170687 (1) 0.016041 (1) 
Residue: GL4 33   0.058962 (0) 0.437177 (1) 0.040962 (1) 0.400336 (1) 0.062563 (1) 
Residue: AS4 37   0.858954 (0) 0.059082 (1) 0.001040 (1) 0.077803 (1) 0.003120 (1) 
Residue: GL4 39   0.029481 (0) 0.446698 (1) 0.019321 (1) 0.447938 (1) 0.056562 (1) 
Residue: AS4 40   0.731789 (0) 0.113965 (1) 0.005160 (1) 0.097084 (1) 0.052002 (1) 
Residue: LYS 41   0.999960 (3) 0.000040 (2) 
Residue: LYS 42   1.000000 (3) 0.000000 (2) 
Residue: GL4 48   0.589864 (0) 0.164047 (1) 0.000880 (1) 0.244490 (1) 0.000720 (1) 
Residue: LYS 52   0.998040 (3) 0.001960 (2) 
Residue: AS4 58   0.979599 (0) 0.010320 (1) 0.000040 (1) 0.009920 (1) 0.000120 (1) 
Residue: LYS 59   1.000000 (3) 0.000000 (2) 
Residue: LYS 64   0.999960 (3) 0.000040 (2) 
Residue: LYS 69   0.999800 (3) 0.000200 (2) 
Residue: GL4 73   0.411376 (0) 0.249130 (1) 0.022641 (1) 0.289572 (1) 0.027281 (1) 
Residue: AS4 77   0.762711 (0) 0.101204 (1) 0.003960 (1) 0.129165 (1) 0.002960 (1) 
Residue: GL4 78   0.146006 (0) 0.363975 (1) 0.060802 (1) 0.412977 (1) 0.016241 (1) 
Residue: LYS 82   1.000000 (3) 0.000000 (2) 
Residue: AS4 87   0.272051 (0) 0.229649 (1) 0.076603 (1) 0.275691 (1) 0.146006 (1) 
Residue: GL4 93   0.189368 (0) 0.374095 (1) 0.019561 (1) 0.376055 (1) 0.040922 (1) 
Residue: GL4 94   0.035841 (0) 0.430777 (1) 0.052322 (1) 0.435057 (1) 0.046002 (1) 
Residue: HIP 97   0.990480 (2) 0.008880 (1) 0.000640 (1) 
Residue: LYS 99   0.999760 (3) 0.000240 (2) 
Residue: LYS 102  1.000000 (3) 0.000000 (2) 
Residue: LYS 109  0.999760 (3) 0.000240 (2) 
Residue: LYS 111  1.000000 (3) 0.000000 (2) 
Residue: LYS 114  1.000000 (3) 0.000000 (2) 
Residue: AS4 117  0.065843 (0) 0.575663 (1) 0.007120 (1) 0.345414 (1) 0.005960 (1) 
