   Residue Number     State  0     State  1     State  2     State  3     State  4 
-----------------------------------------------------------------------------------
Residue: GL4 4    0.207808 (0) 0.358214 (1) 0.029281 (1) 0.375535 (1) 0.029161 (1) 
Residue: GL4 5    0.283451 (0) 0.287692 (1) 0.021881 (1) 0.381015 (1) 0.025961 (1) 
Residue: LYS 7    1.000000 (3) 0.000000 (2) 
Residue: HIP 11   0.996520 (2) 0.002520 (1) 0.000960 (1) 
Residue: GL4 13   0.934037 (0) 0.027561 (1) 0.001480 (1) 0.033601 (1) 0.003320 (1) 
Residue: LYS 18   0.999960 (3) 0.000040 (2) 
Residue: GL4 20   0.007840 (0) 0.762030 (1) 0.022561 (1) 0.190288 (1) 0.017281 (1) 
Residue: AS4 24   0.753950 (0) 0.092764 (1) 0.001480 (1) 0.149806 (1) 0.002000 (1) 
Residue: LYS 27   0.996680 (3) 0.003320 (2) 
Residue: AS4 30   0.796872 (0) 0.082483 (1) 0.005040 (1) 0.115205 (1) 0.000400 (1) 
Residue: GL4 33   0.192248 (0) 0.324213 (1) 0.066683 (1) 0.368495 (1) 0.048362 (1) 
Residue: AS4 37   0.924797 (0) 0.031161 (1) 0.003440 (1) 0.039722 (1) 0.000880 (1) 
Residue: GL4 39   0.058522 (0) 0.387896 (1) 0.017601 (1) 0.395696 (1) 0.140286 (1) 
Residue: AS4 40   0.899596 (0) 0.060962 (1) 0.002200 (1) 0.036201 (1) 0.001040 (1) 
Residue: LYS 41   1.000000 (3) 0.000000 (2) 
Residue: LYS 42   1.000000 (3) 0.000000 (2) 
Residue: GL4 48   0.471459 (0) 0.261370 (1) 0.015961 (1) 0.243810 (1) 0.007400 (1) 
Residue: LYS 52   0.999120 (3) 0.000880 (2) 
Residue: AS4 58   0.953438 (0) 0.024081 (1) 0.000120 (1) 0.022281 (1) 0.000080 (1) 
Residue: LYS 59   0.999960 (3) 0.000040 (2) 
Residue: LYS 64   1.000000 (3) 0.000000 (2) 
Residue: LYS 69   0.999080 (3) 0.000920 (2) 
Residue: GL4 73   0.273731 (0) 0.314653 (1) 0.021481 (1) 0.367215 (1) 0.022921 (1) 
Residue: AS4 77   0.814713 (0) 0.083083 (1) 0.002320 (1) 0.097484 (1) 0.002400 (1) 
Residue: GL4 78   0.321733 (0) 0.345414 (1) 0.022361 (1) 0.295012 (1) 0.015481 (1) 
Residue: LYS 82   1.000000 (3) 0.000000 (2) 
Residue: AS4 87   0.414057 (0) 0.242810 (1) 0.068603 (1) 0.215009 (1) 0.059522 (1) 
Residue: GL4 93   0.867995 (0) 0.031121 (1) 0.004040 (1) 0.096844 (1) 0.000000 (1) 
Residue: GL4 94   0.091684 (0) 0.423937 (1) 0.035681 (1) 0.401656 (1) 0.047042 (1) 
Residue: HIP 97   0.981079 (2) 0.015961 (1) 0.002960 (1) 
Residue: LYS 99   0.999960 (3) 0.000040 (2) 
Residue: LYS 102  1.000000 (3) 0.000000 (2) 
Residue: LYS 109  0.999920 (3) 0.000080 (2) 
Residue: LYS 111  1.000000 (3) 0.000000 (2) 
Residue: LYS 114  0.999920 (3) 0.000080 (2) 
Residue: AS4 117  0.264931 (0) 0.214089 (1) 0.483739 (1) 0.028801 (1) 0.008440 (1) 
