   Residue Number     State  0     State  1     State  2     State  3     State  4 
-----------------------------------------------------------------------------------
Residue: GL4 4    0.486459 (0) 0.219289 (1) 0.028561 (1) 0.221889 (1) 0.043802 (1) 
Residue: GL4 5    0.488860 (0) 0.267411 (1) 0.016601 (1) 0.214409 (1) 0.012721 (1) 
Residue: LYS 7    0.999960 (3) 0.000040 (2) 
Residue: HIP 11   0.988560 (2) 0.010480 (1) 0.000960 (1) 
Residue: GL4 13   0.966599 (0) 0.022841 (1) 0.002360 (1) 0.007560 (1) 0.000640 (1) 
Residue: LYS 18   0.999920 (3) 0.000080 (2) 
Residue: GL4 20   0.030081 (0) 0.632545 (1) 0.020721 (1) 0.305172 (1) 0.011480 (1) 
Residue: AS4 24   0.876875 (0) 0.042402 (1) 0.000720 (1) 0.078003 (1) 0.002000 (1) 
Residue: LYS 27   1.000000 (3) 0.000000 (2) 
Residue: AS4 30   0.931197 (0) 0.033841 (1) 0.006080 (1) 0.028681 (1) 0.000200 (1) 
Residue: GL4 33   0.092164 (0) 0.410256 (1) 0.059002 (1) 0.416737 (1) 0.021841 (1) 
Residue: AS4 37   0.874155 (0) 0.073443 (1) 0.001320 (1) 0.050362 (1) 0.000720 (1) 
Residue: GL4 39   0.157566 (0) 0.397216 (1) 0.023121 (1) 0.396336 (1) 0.025761 (1) 
Residue: AS4 40   0.970439 (0) 0.013241 (1) 0.000160 (1) 0.015801 (1) 0.000360 (1) 
Residue: LYS 41   1.000000 (3) 0.000000 (2) 
Residue: LYS 42   1.000000 (3) 0.000000 (2) 
Residue: GL4 48   0.881995 (0) 0.054642 (1) 0.000840 (1) 0.058882 (1) 0.003640 (1) 
Residue: LYS 52   0.999920 (3) 0.000080 (2) 
Residue: AS4 58   0.995200 (0) 0.003160 (1) 0.000000 (1) 0.001640 (1) 0.000000 (1) 
Residue: LYS 59   1.000000 (3) 0.000000 (2) 
Residue: LYS 64   0.999840 (3) 0.000160 (2) 
Residue: LYS 69   0.999760 (3) 0.000240 (2) 
Residue: GL4 73   0.267691 (0) 0.337013 (1) 0.030481 (1) 0.333493 (1) 0.031321 (1) 
Residue: AS4 77   0.934157 (0) 0.028041 (1) 0.000880 (1) 0.036561 (1) 0.000360 (1) 
Residue: GL4 78   0.479459 (0) 0.229889 (1) 0.009480 (1) 0.271931 (1) 0.009240 (1) 
Residue: LYS 82   1.000000 (3) 0.000000 (2) 
Residue: AS4 87   0.450138 (0) 0.144926 (1) 0.031881 (1) 0.159286 (1) 0.213769 (1) 
Residue: GL4 93   0.510100 (0) 0.153126 (1) 0.080843 (1) 0.189448 (1) 0.066483 (1) 
Residue: GL4 94   0.268971 (0) 0.339774 (1) 0.027121 (1) 0.337013 (1) 0.027121 (1) 
Residue: HIP 97   0.983359 (2) 0.010600 (1) 0.006040 (1) 
Residue: LYS 99   0.999200 (3) 0.000800 (2) 
Residue: LYS 102  0.999880 (3) 0.000120 (2) 
Residue: LYS 109  0.998800 (3) 0.001200 (2) 
Residue: LYS 111  1.000000 (3) 0.000000 (2) 
Residue: LYS 114  1.000000 (3) 0.000000 (2) 
Residue: AS4 117  0.574903 (0) 0.192528 (1) 0.011200 (1) 0.218169 (1) 0.003200 (1) 
