   Residue Number     State  0     State  1     State  2     State  3     State  4 
-----------------------------------------------------------------------------------
Residue: GL4 4    0.564703 (0) 0.207208 (1) 0.017881 (1) 0.197048 (1) 0.013161 (1) 
Residue: GL4 5    0.746990 (0) 0.114845 (1) 0.011720 (1) 0.116285 (1) 0.010160 (1) 
Residue: LYS 7    0.999920 (3) 0.000080 (2) 
Residue: HIP 11   0.978799 (2) 0.004720 (1) 0.016481 (1) 
Residue: GL4 13   0.976879 (0) 0.013201 (1) 0.000240 (1) 0.009040 (1) 0.000640 (1) 
Residue: LYS 18   1.000000 (3) 0.000000 (2) 
Residue: GL4 20   0.203368 (0) 0.352254 (1) 0.042842 (1) 0.366055 (1) 0.035481 (1) 
Residue: AS4 24   0.956958 (0) 0.015121 (1) 0.000360 (1) 0.027121 (1) 0.000440 (1) 
Residue: LYS 27   0.997680 (3) 0.002320 (2) 
Residue: AS4 30   0.865035 (0) 0.066763 (1) 0.001560 (1) 0.059682 (1) 0.006960 (1) 
Residue: GL4 33   0.456618 (0) 0.286171 (1) 0.020041 (1) 0.222729 (1) 0.014441 (1) 
Residue: AS4 37   0.968039 (0) 0.014801 (1) 0.000160 (1) 0.014681 (1) 0.002320 (1) 
Residue: GL4 39   0.316413 (0) 0.329813 (1) 0.020001 (1) 0.310932 (1) 0.022841 (1) 
Residue: AS4 40   0.970799 (0) 0.006520 (1) 0.000000 (1) 0.022001 (1) 0.000680 (1) 
Residue: LYS 41   1.000000 (3) 0.000000 (2) 
Residue: LYS 42   1.000000 (3) 0.000000 (2) 
Residue: GL4 48   0.844714 (0) 0.075403 (1) 0.002080 (1) 0.073203 (1) 0.004600 (1) 
Residue: LYS 52   0.998840 (3) 0.001160 (2) 
Residue: AS4 58   0.994680 (0) 0.002760 (1) 0.000000 (1) 0.002560 (1) 0.000000 (1) 
Residue: LYS 59   1.000000 (3) 0.000000 (2) 
Residue: LYS 64   0.999840 (3) 0.000160 (2) 
Residue: LYS 69   0.999960 (3) 0.000040 (2) 
Residue: GL4 73   0.669547 (0) 0.165687 (1) 0.007000 (1) 0.152046 (1) 0.005720 (1) 
Residue: AS4 77   0.970759 (0) 0.014721 (1) 0.000280 (1) 0.014161 (1) 0.000080 (1) 
Residue: GL4 78   0.717109 (0) 0.139686 (1) 0.005000 (1) 0.130125 (1) 0.008080 (1) 
Residue: LYS 82   1.000000 (3) 0.000000 (2) 
Residue: AS4 87   0.456618 (0) 0.201008 (1) 0.016761 (1) 0.165407 (1) 0.160206 (1) 
Residue: GL4 93   0.851474 (0) 0.042522 (1) 0.027121 (1) 0.074603 (1) 0.004280 (1) 
Residue: GL4 94   0.452058 (0) 0.255210 (1) 0.021201 (1) 0.235969 (1) 0.035561 (1) 
Residue: HIP 97   0.947118 (2) 0.047002 (1) 0.005880 (1) 
Residue: LYS 99   0.998800 (3) 0.001200 (2) 
Residue: LYS 102  0.999880 (3) 0.000120 (2) 
Residue: LYS 109  0.995640 (3) 0.004360 (2) 
Residue: LYS 111  1.000000 (3) 0.000000 (2) 
Residue: LYS 114  0.999600 (3) 0.000400 (2) 
Residue: AS4 117  0.809112 (0) 0.066723 (1) 0.001040 (1) 0.123125 (1) 0.000000 (1) 
