   Residue Number     State  0     State  1     State  2     State  3     State  4 
-----------------------------------------------------------------------------------
Residue: GL4 4    0.856434 (0) 0.063083 (1) 0.004080 (1) 0.071923 (1) 0.004480 (1) 
Residue: GL4 5    0.865195 (0) 0.054322 (1) 0.003880 (1) 0.071923 (1) 0.004680 (1) 
Residue: LYS 7    0.999960 (3) 0.000040 (2) 
Residue: HIP 11   0.945398 (2) 0.048282 (1) 0.006320 (1) 
Residue: GL4 13   0.976399 (0) 0.011240 (1) 0.004200 (1) 0.007960 (1) 0.000200 (1) 
Residue: LYS 18   0.997520 (3) 0.002480 (2) 
Residue: GL4 20   0.205048 (0) 0.572143 (1) 0.014761 (1) 0.196168 (1) 0.011880 (1) 
Residue: AS4 24   0.988480 (0) 0.005040 (1) 0.000040 (1) 0.006440 (1) 0.000000 (1) 
Residue: LYS 27   0.999440 (3) 0.000560 (2) 
Residue: AS4 30   0.805152 (0) 0.072563 (1) 0.037882 (1) 0.066123 (1) 0.018281 (1) 
Residue: GL4 33   0.600864 (0) 0.165047 (1) 0.014881 (1) 0.185767 (1) 0.033441 (1) 
Residue: AS4 37   0.957838 (0) 0.020801 (1) 0.000560 (1) 0.020401 (1) 0.000400 (1) 
Residue: GL4 39   0.526901 (0) 0.199928 (1) 0.009800 (1) 0.198568 (1) 0.064803 (1) 
Residue: AS4 40   0.990080 (0) 0.007080 (1) 0.001520 (1) 0.001320 (1) 0.000000 (1) 
Residue: LYS 41   1.000000 (3) 0.000000 (2) 
Residue: LYS 42   0.999960 (3) 0.000040 (2) 
Residue: GL4 48   0.976519 (0) 0.009560 (1) 0.000360 (1) 0.013401 (1) 0.000160 (1) 
Residue: LYS 52   0.974039 (3) 0.025961 (2) 
Residue: AS4 58   0.997960 (0) 0.000840 (1) 0.000000 (1) 0.001200 (1) 0.000000 (1) 
Residue: LYS 59   0.999960 (3) 0.000040 (2) 
Residue: LYS 64   0.997200 (3) 0.002800 (2) 
Residue: LYS 69   0.999440 (3) 0.000560 (2) 
Residue: GL4 73   0.537261 (0) 0.182527 (1) 0.067043 (1) 0.157486 (1) 0.055682 (1) 
Residue: AS4 77   0.983239 (0) 0.009720 (1) 0.000480 (1) 0.006520 (1) 0.000040 (1) 
Residue: GL4 78   0.597944 (0) 0.302772 (1) 0.006640 (1) 0.089444 (1) 0.003200 (1) 
Residue: LYS 82   0.999960 (3) 0.000040 (2) 
Residue: AS4 87   0.881155 (0) 0.034401 (1) 0.001760 (1) 0.022881 (1) 0.059802 (1) 
Residue: GL4 93   0.901836 (0) 0.044042 (1) 0.001760 (1) 0.041162 (1) 0.011200 (1) 
Residue: GL4 94   0.637746 (0) 0.179327 (1) 0.010680 (1) 0.161686 (1) 0.010560 (1) 
Residue: HIP 97   0.972279 (2) 0.023041 (1) 0.004680 (1) 
Residue: LYS 99   0.999040 (3) 0.000960 (2) 
Residue: LYS 102  0.999680 (3) 0.000320 (2) 
Residue: LYS 109  0.991360 (3) 0.008640 (2) 
Residue: LYS 111  1.000000 (3) 0.000000 (2) 
Residue: LYS 114  0.998200 (3) 0.001800 (2) 
Residue: AS4 117  0.756950 (0) 0.078123 (1) 0.007000 (1) 0.041282 (1) 0.116645 (1) 
