   Residue Number     State  0     State  1     State  2     State  3     State  4 
-----------------------------------------------------------------------------------
Residue: GL4 4    0.899316 (0) 0.054122 (1) 0.001960 (1) 0.042002 (1) 0.002600 (1) 
Residue: GL4 5    0.933317 (0) 0.031321 (1) 0.001800 (1) 0.028681 (1) 0.004880 (1) 
Residue: LYS 7    0.999960 (3) 0.000040 (2) 
Residue: HIP 11   0.806952 (2) 0.130565 (1) 0.062482 (1) 
Residue: GL4 13   0.994680 (0) 0.002160 (1) 0.000000 (1) 0.003160 (1) 0.000000 (1) 
Residue: LYS 18   0.998760 (3) 0.001240 (2) 
Residue: GL4 20   0.559582 (0) 0.209568 (1) 0.015921 (1) 0.192168 (1) 0.022761 (1) 
Residue: AS4 24   0.996920 (0) 0.002280 (1) 0.000000 (1) 0.000800 (1) 0.000000 (1) 
Residue: LYS 27   0.998960 (3) 0.001040 (2) 
Residue: AS4 30   0.927037 (0) 0.036561 (1) 0.000680 (1) 0.028041 (1) 0.007680 (1) 
Residue: GL4 33   0.786591 (0) 0.097564 (1) 0.003240 (1) 0.105204 (1) 0.007400 (1) 
Residue: AS4 37   0.958558 (0) 0.015681 (1) 0.000000 (1) 0.025281 (1) 0.000480 (1) 
Residue: GL4 39   0.757630 (0) 0.116845 (1) 0.004320 (1) 0.116485 (1) 0.004720 (1) 
Residue: AS4 40   0.991240 (0) 0.002120 (1) 0.000000 (1) 0.006480 (1) 0.000160 (1) 
Residue: LYS 41   0.999840 (3) 0.000160 (2) 
Residue: LYS 42   0.999680 (3) 0.000320 (2) 
Residue: GL4 48   0.958438 (0) 0.014321 (1) 0.000040 (1) 0.025241 (1) 0.001960 (1) 
Residue: LYS 52   0.979959 (3) 0.020041 (2) 
Residue: AS4 58   0.999720 (0) 0.000000 (1) 0.000000 (1) 0.000280 (1) 0.000000 (1) 
Residue: LYS 59   1.000000 (3) 0.000000 (2) 
Residue: LYS 64   0.998600 (3) 0.001400 (2) 
Residue: LYS 69   0.996880 (3) 0.003120 (2) 
Residue: GL4 73   0.882435 (0) 0.052362 (1) 0.003320 (1) 0.056442 (1) 0.005440 (1) 
Residue: AS4 77   0.988400 (0) 0.001920 (1) 0.000000 (1) 0.009680 (1) 0.000000 (1) 
Residue: GL4 78   0.720149 (0) 0.016761 (1) 0.001160 (1) 0.261010 (1) 0.000920 (1) 
Residue: LYS 82   0.999720 (3) 0.000280 (2) 
Residue: AS4 87   0.827513 (0) 0.058962 (1) 0.016161 (1) 0.062763 (1) 0.034601 (1) 
Residue: GL4 93   0.920597 (0) 0.026801 (1) 0.000000 (1) 0.027201 (1) 0.025401 (1) 
Residue: GL4 94   0.807152 (0) 0.086763 (1) 0.010920 (1) 0.086123 (1) 0.009040 (1) 
Residue: HIP 97   0.901556 (2) 0.079603 (1) 0.018841 (1) 
Residue: LYS 99   0.999320 (3) 0.000680 (2) 
Residue: LYS 102  0.999120 (3) 0.000880 (2) 
Residue: LYS 109  0.997480 (3) 0.002520 (2) 
Residue: LYS 111  0.999840 (3) 0.000160 (2) 
Residue: LYS 114  0.999880 (3) 0.000120 (2) 
Residue: AS4 117  0.900636 (0) 0.042922 (1) 0.001000 (1) 0.049882 (1) 0.005560 (1) 
