   Residue Number     State  0     State  1     State  2     State  3     State  4 
-----------------------------------------------------------------------------------
Residue: GL4 4    0.968399 (0) 0.017321 (1) 0.000400 (1) 0.012961 (1) 0.000920 (1) 
Residue: GL4 5    0.973239 (0) 0.011520 (1) 0.000760 (1) 0.013801 (1) 0.000680 (1) 
Residue: LYS 7    0.996240 (3) 0.003760 (2) 
Residue: HIP 11   0.590584 (2) 0.376655 (1) 0.032761 (1) 
Residue: GL4 13   0.992440 (0) 0.002160 (1) 0.000000 (1) 0.005400 (1) 0.000000 (1) 
Residue: LYS 18   0.995760 (3) 0.004240 (2) 
Residue: GL4 20   0.912116 (0) 0.041442 (1) 0.000880 (1) 0.043802 (1) 0.001760 (1) 
Residue: AS4 24   0.996840 (0) 0.002480 (1) 0.000080 (1) 0.000600 (1) 0.000000 (1) 
Residue: LYS 27   0.997600 (3) 0.002400 (2) 
Residue: AS4 30   0.999480 (0) 0.000000 (1) 0.000480 (1) 0.000040 (1) 0.000000 (1) 
Residue: GL4 33   0.923917 (0) 0.038642 (1) 0.001080 (1) 0.034721 (1) 0.001640 (1) 
Residue: AS4 37   0.996880 (0) 0.001640 (1) 0.000640 (1) 0.000720 (1) 0.000120 (1) 
Residue: GL4 39   0.927397 (0) 0.035161 (1) 0.001160 (1) 0.035161 (1) 0.001120 (1) 
Residue: AS4 40   0.999400 (0) 0.000240 (1) 0.000080 (1) 0.000280 (1) 0.000000 (1) 
Residue: LYS 41   0.998440 (3) 0.001560 (2) 
Residue: LYS 42   0.999720 (3) 0.000280 (2) 
Residue: GL4 48   0.986519 (0) 0.009840 (1) 0.000040 (1) 0.003480 (1) 0.000120 (1) 
Residue: LYS 52   0.986079 (3) 0.013921 (2) 
Residue: AS4 58   0.999760 (0) 0.000120 (1) 0.000000 (1) 0.000120 (1) 0.000000 (1) 
Residue: LYS 59   0.995480 (3) 0.004520 (2) 
Residue: LYS 64   0.996040 (3) 0.003960 (2) 
Residue: LYS 69   0.993040 (3) 0.006960 (2) 
Residue: GL4 73   0.962358 (0) 0.018441 (1) 0.001080 (1) 0.017721 (1) 0.000400 (1) 
Residue: AS4 77   0.995480 (0) 0.002760 (1) 0.000080 (1) 0.000960 (1) 0.000720 (1) 
Residue: GL4 78   0.977639 (0) 0.010560 (1) 0.000400 (1) 0.010760 (1) 0.000640 (1) 
Residue: LYS 82   0.999280 (3) 0.000720 (2) 
Residue: AS4 87   0.991200 (0) 0.003600 (1) 0.000000 (1) 0.005040 (1) 0.000160 (1) 
Residue: GL4 93   0.995240 (0) 0.003040 (1) 0.000000 (1) 0.001720 (1) 0.000000 (1) 
Residue: GL4 94   0.932357 (0) 0.030721 (1) 0.002240 (1) 0.031961 (1) 0.002720 (1) 
Residue: HIP 97   0.878795 (2) 0.112244 (1) 0.008960 (1) 
Residue: LYS 99   0.999400 (3) 0.000600 (2) 
Residue: LYS 102  0.999160 (3) 0.000840 (2) 
Residue: LYS 109  0.999840 (3) 0.000160 (2) 
Residue: LYS 111  0.999960 (3) 0.000040 (2) 
Residue: LYS 114  0.999080 (3) 0.000920 (2) 
Residue: AS4 117  0.976639 (0) 0.010440 (1) 0.000000 (1) 0.011520 (1) 0.001400 (1) 
