   Residue Number     State  0     State  1     State  2     State  3     State  4 
-----------------------------------------------------------------------------------
Residue: GL4 4    0.993520 (0) 0.003520 (1) 0.000280 (1) 0.002680 (1) 0.000000 (1) 
Residue: GL4 5    0.993920 (0) 0.003720 (1) 0.000240 (1) 0.002040 (1) 0.000080 (1) 
Residue: LYS 7    0.998840 (3) 0.001160 (2) 
Residue: HIP 11   0.706948 (2) 0.232529 (1) 0.060522 (1) 
Residue: GL4 13   0.999840 (0) 0.000000 (1) 0.000000 (1) 0.000160 (1) 0.000000 (1) 
Residue: LYS 18   0.995880 (3) 0.004120 (2) 
Residue: GL4 20   0.898756 (0) 0.050162 (1) 0.001760 (1) 0.047082 (1) 0.002240 (1) 
Residue: AS4 24   0.999240 (0) 0.000680 (1) 0.000000 (1) 0.000080 (1) 0.000000 (1) 
Residue: LYS 27   0.995880 (3) 0.004120 (2) 
Residue: AS4 30   0.985999 (0) 0.002280 (1) 0.000000 (1) 0.011720 (1) 0.000000 (1) 
Residue: GL4 33   0.928077 (0) 0.032321 (1) 0.000600 (1) 0.029441 (1) 0.009560 (1) 
Residue: AS4 37   0.957518 (0) 0.038002 (1) 0.000000 (1) 0.002760 (1) 0.001720 (1) 
Residue: GL4 39   0.893036 (0) 0.015441 (1) 0.076363 (1) 0.014681 (1) 0.000480 (1) 
Residue: AS4 40   0.999040 (0) 0.000600 (1) 0.000000 (1) 0.000360 (1) 0.000000 (1) 
Residue: LYS 41   0.994920 (3) 0.005080 (2) 
Residue: LYS 42   0.999760 (3) 0.000240 (2) 
Residue: GL4 48   0.986799 (0) 0.006320 (1) 0.000040 (1) 0.006640 (1) 0.000200 (1) 
Residue: LYS 52   0.974319 (3) 0.025681 (2) 
Residue: AS4 58   1.000000 (0) 0.000000 (1) 0.000000 (1) 0.000000 (1) 0.000000 (1) 
Residue: LYS 59   0.991840 (3) 0.008160 (2) 
Residue: LYS 64   0.992920 (3) 0.007080 (2) 
Residue: LYS 69   0.995560 (3) 0.004440 (2) 
Residue: GL4 73   0.962198 (0) 0.017521 (1) 0.000760 (1) 0.018161 (1) 0.001360 (1) 
Residue: AS4 77   0.999440 (0) 0.000240 (1) 0.000000 (1) 0.000320 (1) 0.000000 (1) 
Residue: GL4 78   0.979439 (0) 0.008080 (1) 0.005280 (1) 0.007080 (1) 0.000120 (1) 
Residue: LYS 82   0.999440 (3) 0.000560 (2) 
Residue: AS4 87   0.993400 (0) 0.002680 (1) 0.000080 (1) 0.003840 (1) 0.000000 (1) 
Residue: GL4 93   0.990960 (0) 0.003400 (1) 0.000440 (1) 0.005200 (1) 0.000000 (1) 
Residue: GL4 94   0.983959 (0) 0.007720 (1) 0.000600 (1) 0.007040 (1) 0.000680 (1) 
Residue: HIP 97   0.403176 (2) 0.555622 (1) 0.041202 (1) 
Residue: LYS 99   0.997560 (3) 0.002440 (2) 
Residue: LYS 102  0.998960 (3) 0.001040 (2) 
Residue: LYS 109  0.998320 (3) 0.001680 (2) 
Residue: LYS 111  0.999800 (3) 0.000200 (2) 
Residue: LYS 114  0.996240 (3) 0.003760 (2) 
Residue: AS4 117  0.989000 (0) 0.002200 (1) 0.000120 (1) 0.008680 (1) 0.000000 (1) 
