   Residue Number     State  0     State  1     State  2     State  3     State  4 
-----------------------------------------------------------------------------------
Residue: GL4 4    0.994320 (0) 0.003000 (1) 0.000120 (1) 0.002400 (1) 0.000160 (1) 
Residue: GL4 5    0.995240 (0) 0.002760 (1) 0.000080 (1) 0.001840 (1) 0.000080 (1) 
Residue: LYS 7    0.999320 (3) 0.000680 (2) 
Residue: HIP 11   0.238490 (2) 0.569583 (1) 0.191928 (1) 
Residue: GL4 13   0.999760 (0) 0.000000 (1) 0.000000 (1) 0.000240 (1) 0.000000 (1) 
Residue: LYS 18   0.957958 (3) 0.042042 (2) 
Residue: GL4 20   0.984359 (0) 0.008120 (1) 0.000440 (1) 0.006760 (1) 0.000320 (1) 
Residue: AS4 24   0.999880 (0) 0.000120 (1) 0.000000 (1) 0.000000 (1) 0.000000 (1) 
Residue: LYS 27   0.986319 (3) 0.013681 (2) 
Residue: AS4 30   0.999960 (0) 0.000000 (1) 0.000000 (1) 0.000040 (1) 0.000000 (1) 
Residue: GL4 33   0.975919 (0) 0.011840 (1) 0.000400 (1) 0.011160 (1) 0.000680 (1) 
Residue: AS4 37   0.999160 (0) 0.000160 (1) 0.000360 (1) 0.000280 (1) 0.000040 (1) 
Residue: GL4 39   0.983439 (0) 0.007720 (1) 0.000760 (1) 0.007600 (1) 0.000480 (1) 
Residue: AS4 40   0.999960 (0) 0.000000 (1) 0.000000 (1) 0.000040 (1) 0.000000 (1) 
Residue: LYS 41   0.996960 (3) 0.003040 (2) 
Residue: LYS 42   0.999000 (3) 0.001000 (2) 
Residue: GL4 48   0.982839 (0) 0.006120 (1) 0.000000 (1) 0.010960 (1) 0.000080 (1) 
Residue: LYS 52   0.952038 (3) 0.047962 (2) 
Residue: AS4 58   0.999920 (0) 0.000040 (1) 0.000000 (1) 0.000040 (1) 0.000000 (1) 
Residue: LYS 59   0.998200 (3) 0.001800 (2) 
Residue: LYS 64   0.982559 (3) 0.017441 (2) 
Residue: LYS 69   0.989280 (3) 0.010720 (2) 
Residue: GL4 73   0.990840 (0) 0.003320 (1) 0.001400 (1) 0.004280 (1) 0.000160 (1) 
Residue: AS4 77   1.000000 (0) 0.000000 (1) 0.000000 (1) 0.000000 (1) 0.000000 (1) 
Residue: GL4 78   0.996960 (0) 0.002000 (1) 0.000120 (1) 0.000920 (1) 0.000000 (1) 
Residue: LYS 82   0.998040 (3) 0.001960 (2) 
Residue: AS4 87   0.998360 (0) 0.000760 (1) 0.000000 (1) 0.000880 (1) 0.000000 (1) 
Residue: GL4 93   0.999480 (0) 0.000160 (1) 0.000000 (1) 0.000360 (1) 0.000000 (1) 
Residue: GL4 94   0.990840 (0) 0.003760 (1) 0.000240 (1) 0.004800 (1) 0.000360 (1) 
Residue: HIP 97   0.271011 (2) 0.653226 (1) 0.075763 (1) 
Residue: LYS 99   0.992720 (3) 0.007280 (2) 
Residue: LYS 102  0.990520 (3) 0.009480 (2) 
Residue: LYS 109  0.997600 (3) 0.002400 (2) 
Residue: LYS 111  0.999240 (3) 0.000760 (2) 
Residue: LYS 114  0.989600 (3) 0.010400 (2) 
Residue: AS4 117  0.991280 (0) 0.000760 (1) 0.000160 (1) 0.007800 (1) 0.000000 (1) 
