   Residue Number     State  0     State  1     State  2     State  3     State  4 
-----------------------------------------------------------------------------------
Residue: GL4 4    0.995240 (0) 0.001360 (1) 0.000000 (1) 0.003400 (1) 0.000000 (1) 
Residue: GL4 5    1.000000 (0) 0.000000 (1) 0.000000 (1) 0.000000 (1) 0.000000 (1) 
Residue: LYS 7    0.987720 (3) 0.012280 (2) 
Residue: HIP 11   0.372335 (2) 0.478299 (1) 0.149366 (1) 
Residue: GL4 13   0.999160 (0) 0.000400 (1) 0.000000 (1) 0.000440 (1) 0.000000 (1) 
Residue: LYS 18   0.656866 (3) 0.343134 (2) 
Residue: GL4 20   0.988880 (0) 0.005440 (1) 0.000280 (1) 0.005040 (1) 0.000360 (1) 
Residue: AS4 24   0.999920 (0) 0.000080 (1) 0.000000 (1) 0.000000 (1) 0.000000 (1) 
Residue: LYS 27   0.982919 (3) 0.017081 (2) 
Residue: AS4 30   0.998400 (0) 0.000240 (1) 0.000000 (1) 0.000200 (1) 0.001160 (1) 
Residue: GL4 33   0.989000 (0) 0.006480 (1) 0.000280 (1) 0.003360 (1) 0.000880 (1) 
Residue: AS4 37   0.999720 (0) 0.000040 (1) 0.000240 (1) 0.000000 (1) 0.000000 (1) 
Residue: GL4 39   0.996200 (0) 0.001920 (1) 0.000160 (1) 0.001680 (1) 0.000040 (1) 
Residue: AS4 40   0.999800 (0) 0.000200 (1) 0.000000 (1) 0.000000 (1) 0.000000 (1) 
Residue: LYS 41   0.995800 (3) 0.004200 (2) 
Residue: LYS 42   0.997880 (3) 0.002120 (2) 
Residue: GL4 48   0.995400 (0) 0.001840 (1) 0.000680 (1) 0.002080 (1) 0.000000 (1) 
Residue: LYS 52   0.910676 (3) 0.089324 (2) 
Residue: AS4 58   1.000000 (0) 0.000000 (1) 0.000000 (1) 0.000000 (1) 0.000000 (1) 
Residue: LYS 59   0.996160 (3) 0.003840 (2) 
Residue: LYS 64   0.964519 (3) 0.035481 (2) 
Residue: LYS 69   0.979359 (3) 0.020641 (2) 
Residue: GL4 73   0.996320 (0) 0.001320 (1) 0.000040 (1) 0.002120 (1) 0.000200 (1) 
Residue: AS4 77   0.999640 (0) 0.000360 (1) 0.000000 (1) 0.000000 (1) 0.000000 (1) 
Residue: GL4 78   0.998560 (0) 0.000560 (1) 0.000000 (1) 0.000880 (1) 0.000000 (1) 
Residue: LYS 82   0.992760 (3) 0.007240 (2) 
Residue: AS4 87   0.992920 (0) 0.000080 (1) 0.000000 (1) 0.007000 (1) 0.000000 (1) 
Residue: GL4 93   0.996040 (0) 0.001160 (1) 0.000000 (1) 0.000960 (1) 0.001840 (1) 
Residue: GL4 94   0.997200 (0) 0.001360 (1) 0.000040 (1) 0.001320 (1) 0.000080 (1) 
Residue: HIP 97   0.056442 (2) 0.553782 (1) 0.389776 (1) 
Residue: LYS 99   0.972479 (3) 0.027521 (2) 
Residue: LYS 102  0.982559 (3) 0.017441 (2) 
Residue: LYS 109  0.977159 (3) 0.022841 (2) 
Residue: LYS 111  0.995920 (3) 0.004080 (2) 
Residue: LYS 114  0.988920 (3) 0.011080 (2) 
Residue: AS4 117  0.999960 (0) 0.000000 (1) 0.000000 (1) 0.000040 (1) 0.000000 (1) 
