   Residue Number     State  0     State  1     State  2     State  3     State  4 
-----------------------------------------------------------------------------------
Residue: GL4 4    0.142061 (0) 0.425714 (1) 0.030230 (1) 0.350014 (1) 0.051981 (1) 
Residue: GL4 5    0.266773 (0) 0.372074 (1) 0.019050 (1) 0.321123 (1) 0.020980 (1) 
Residue: LYS 7    0.999860 (3) 0.000140 (2) 
Residue: HIP 11   0.996000 (2) 0.002490 (1) 0.001510 (1) 
Residue: GL4 13   0.070121 (0) 0.335023 (1) 0.102921 (1) 0.355704 (1) 0.136231 (1) 
Residue: LYS 18   0.999880 (3) 0.000120 (2) 
Residue: GL4 20   0.009010 (0) 0.436084 (1) 0.040640 (1) 0.458675 (1) 0.055591 (1) 
Residue: AS4 24   0.693397 (0) 0.140921 (1) 0.003620 (1) 0.157002 (1) 0.005060 (1) 
Residue: LYS 27   0.999900 (3) 0.000100 (2) 
Residue: AS4 30   0.136101 (0) 0.431704 (1) 0.028470 (1) 0.368544 (1) 0.035180 (1) 
Residue: GL4 33   0.113661 (0) 0.442134 (1) 0.039420 (1) 0.371884 (1) 0.032900 (1) 
Residue: AS4 37   0.624726 (0) 0.183192 (1) 0.005460 (1) 0.181242 (1) 0.005380 (1) 
Residue: GL4 39   0.079201 (0) 0.374074 (1) 0.140961 (1) 0.321633 (1) 0.084131 (1) 
Residue: AS4 40   0.698337 (0) 0.145641 (1) 0.007120 (1) 0.135371 (1) 0.013530 (1) 
Residue: LYS 41   1.000000 (3) 0.000000 (2) 
Residue: LYS 42   0.999990 (3) 0.000010 (2) 
Residue: GL4 48   0.640886 (0) 0.167562 (1) 0.018700 (1) 0.152522 (1) 0.020330 (1) 
Residue: LYS 52   0.998830 (3) 0.001170 (2) 
Residue: AS4 58   0.934169 (0) 0.033260 (1) 0.000140 (1) 0.032360 (1) 0.000070 (1) 
Residue: LYS 59   0.999980 (3) 0.000020 (2) 
Residue: LYS 64   0.999930 (3) 0.000070 (2) 
Residue: LYS 69   0.999980 (3) 0.000020 (2) 
Residue: GL4 73   0.148081 (0) 0.381264 (1) 0.036090 (1) 0.396194 (1) 0.038370 (1) 
Residue: AS4 77   0.666627 (0) 0.197522 (1) 0.002820 (1) 0.130531 (1) 0.002500 (1) 
Residue: GL4 78   0.169992 (0) 0.392254 (1) 0.030640 (1) 0.384674 (1) 0.022440 (1) 
Residue: LYS 82   1.000000 (3) 0.000000 (2) 
Residue: AS4 87   0.231192 (0) 0.318023 (1) 0.063771 (1) 0.275733 (1) 0.111281 (1) 
Residue: GL4 93   0.760098 (0) 0.118931 (1) 0.004000 (1) 0.102111 (1) 0.014860 (1) 
Residue: GL4 94   0.034410 (0) 0.401154 (1) 0.054071 (1) 0.420494 (1) 0.089871 (1) 
Residue: HIP 97   0.980600 (2) 0.005150 (1) 0.014250 (1) 
Residue: LYS 99   0.999980 (3) 0.000020 (2) 
Residue: LYS 102  0.999960 (3) 0.000040 (2) 
Residue: LYS 109  0.999770 (3) 0.000230 (2) 
Residue: LYS 111  1.000000 (3) 0.000000 (2) 
Residue: LYS 114  0.999970 (3) 0.000030 (2) 
Residue: AS4 117  0.175242 (0) 0.439324 (1) 0.002580 (1) 0.379404 (1) 0.003450 (1) 
