   Residue Number     State  0     State  1     State  2     State  3     State  4 
-----------------------------------------------------------------------------------
Residue: GL4 4    0.261413 (0) 0.386634 (1) 0.024400 (1) 0.277103 (1) 0.050451 (1) 
Residue: GL4 5    0.445184 (0) 0.276043 (1) 0.017320 (1) 0.239302 (1) 0.022150 (1) 
Residue: LYS 7    0.999910 (3) 0.000090 (2) 
Residue: HIP 11   0.989180 (2) 0.006520 (1) 0.004300 (1) 
Residue: GL4 13   0.127881 (0) 0.315753 (1) 0.097851 (1) 0.313973 (1) 0.144541 (1) 
Residue: LYS 18   0.999730 (3) 0.000270 (2) 
Residue: GL4 20   0.022480 (0) 0.437124 (1) 0.043270 (1) 0.447674 (1) 0.049450 (1) 
Residue: AS4 24   0.830658 (0) 0.085411 (1) 0.002140 (1) 0.079401 (1) 0.002390 (1) 
Residue: LYS 27   0.999950 (3) 0.000050 (2) 
Residue: AS4 30   0.270623 (0) 0.366464 (1) 0.028560 (1) 0.311033 (1) 0.023320 (1) 
Residue: GL4 33   0.196192 (0) 0.391544 (1) 0.035810 (1) 0.347043 (1) 0.029410 (1) 
Residue: AS4 37   0.740077 (0) 0.120751 (1) 0.002900 (1) 0.133251 (1) 0.003020 (1) 
Residue: GL4 39   0.115341 (0) 0.345383 (1) 0.145221 (1) 0.282713 (1) 0.111341 (1) 
Residue: AS4 40   0.829538 (0) 0.079201 (1) 0.005280 (1) 0.080601 (1) 0.005380 (1) 
Residue: LYS 41   1.000000 (3) 0.000000 (2) 
Residue: LYS 42   1.000000 (3) 0.000000 (2) 
Residue: GL4 48   0.805798 (0) 0.085991 (1) 0.009520 (1) 0.087021 (1) 0.011670 (1) 
Residue: LYS 52   0.998130 (3) 0.001870 (2) 
Residue: AS4 58   0.971630 (0) 0.014950 (1) 0.000040 (1) 0.013360 (1) 0.000020 (1) 
Residue: LYS 59   0.999980 (3) 0.000020 (2) 
Residue: LYS 64   0.999820 (3) 0.000180 (2) 
Residue: LYS 69   0.999890 (3) 0.000110 (2) 
Residue: GL4 73   0.291343 (0) 0.312833 (1) 0.033620 (1) 0.321923 (1) 0.040280 (1) 
Residue: AS4 77   0.832698 (0) 0.105081 (1) 0.001530 (1) 0.059821 (1) 0.000870 (1) 
Residue: GL4 78   0.301893 (0) 0.318533 (1) 0.031900 (1) 0.321133 (1) 0.026540 (1) 
Residue: LYS 82   0.999990 (3) 0.000010 (2) 
Residue: AS4 87   0.463125 (0) 0.210752 (1) 0.038800 (1) 0.216472 (1) 0.070851 (1) 
Residue: GL4 93   0.833328 (0) 0.075441 (1) 0.008940 (1) 0.067281 (1) 0.015010 (1) 
Residue: GL4 94   0.082031 (0) 0.398564 (1) 0.051521 (1) 0.409074 (1) 0.058811 (1) 
Residue: HIP 97   0.979090 (2) 0.006950 (1) 0.013960 (1) 
Residue: LYS 99   0.999960 (3) 0.000040 (2) 
Residue: LYS 102  0.999940 (3) 0.000060 (2) 
Residue: LYS 109  0.999650 (3) 0.000350 (2) 
Residue: LYS 111  0.999990 (3) 0.000010 (2) 
Residue: LYS 114  0.999760 (3) 0.000240 (2) 
Residue: AS4 117  0.415524 (0) 0.292993 (1) 0.003350 (1) 0.284043 (1) 0.004090 (1) 
