   Residue Number     State  0     State  1     State  2     State  3     State  4 
-----------------------------------------------------------------------------------
Residue: GL4 4    0.917249 (0) 0.067091 (1) 0.000880 (1) 0.014020 (1) 0.000760 (1) 
Residue: GL4 5    0.981440 (0) 0.008500 (1) 0.000470 (1) 0.009000 (1) 0.000590 (1) 
Residue: LYS 7    0.999550 (3) 0.000450 (2) 
Residue: HIP 11   0.847798 (2) 0.124391 (1) 0.027810 (1) 
Residue: GL4 13   0.927829 (0) 0.024730 (1) 0.007780 (1) 0.032610 (1) 0.007050 (1) 
Residue: LYS 18   0.993100 (3) 0.006900 (2) 
Residue: GL4 20   0.828698 (0) 0.078291 (1) 0.006420 (1) 0.079031 (1) 0.007560 (1) 
Residue: AS4 24   0.997450 (0) 0.001460 (1) 0.000010 (1) 0.001040 (1) 0.000040 (1) 
Residue: LYS 27   0.997450 (3) 0.002550 (2) 
Residue: AS4 30   0.953610 (0) 0.021550 (1) 0.003830 (1) 0.018980 (1) 0.002030 (1) 
Residue: GL4 33   0.900599 (0) 0.045360 (1) 0.004190 (1) 0.043110 (1) 0.006740 (1) 
Residue: AS4 37   0.938249 (0) 0.029430 (1) 0.000270 (1) 0.031820 (1) 0.000230 (1) 
Residue: GL4 39   0.718187 (0) 0.067141 (1) 0.095751 (1) 0.064871 (1) 0.054051 (1) 
Residue: AS4 40   0.996160 (0) 0.001790 (1) 0.000080 (1) 0.001650 (1) 0.000320 (1) 
Residue: LYS 41   0.999570 (3) 0.000430 (2) 
Residue: LYS 42   0.999790 (3) 0.000210 (2) 
Residue: GL4 48   0.977470 (0) 0.006810 (1) 0.000350 (1) 0.015130 (1) 0.000240 (1) 
Residue: LYS 52   0.966420 (3) 0.033580 (2) 
Residue: AS4 58   0.999610 (0) 0.000250 (1) 0.000000 (1) 0.000140 (1) 0.000000 (1) 
Residue: LYS 59   0.998380 (3) 0.001620 (2) 
Residue: LYS 64   0.997090 (3) 0.002910 (2) 
Residue: LYS 69   0.997950 (3) 0.002050 (2) 
Residue: GL4 73   0.905209 (0) 0.039010 (1) 0.007680 (1) 0.034730 (1) 0.013370 (1) 
Residue: AS4 77   0.996910 (0) 0.002180 (1) 0.000000 (1) 0.000900 (1) 0.000010 (1) 
Residue: GL4 78   0.859209 (0) 0.045060 (1) 0.002060 (1) 0.091201 (1) 0.002470 (1) 
Residue: LYS 82   0.999040 (3) 0.000960 (2) 
Residue: AS4 87   0.979630 (0) 0.008690 (1) 0.002330 (1) 0.008280 (1) 0.001070 (1) 
Residue: GL4 93   0.996740 (0) 0.001650 (1) 0.000120 (1) 0.001100 (1) 0.000390 (1) 
Residue: GL4 94   0.920879 (0) 0.033730 (1) 0.005820 (1) 0.031400 (1) 0.008170 (1) 
Residue: HIP 97   0.720137 (2) 0.249562 (1) 0.030300 (1) 
Residue: LYS 99   0.999000 (3) 0.001000 (2) 
Residue: LYS 102  0.999400 (3) 0.000600 (2) 
Residue: LYS 109  0.998950 (3) 0.001050 (2) 
Residue: LYS 111  0.999430 (3) 0.000570 (2) 
Residue: LYS 114  0.997390 (3) 0.002610 (2) 
Residue: AS4 117  0.955610 (0) 0.032180 (1) 0.000530 (1) 0.011070 (1) 0.000610 (1) 
