   Residue Number     State  0     State  1     State  2     State  3     State  4 
-----------------------------------------------------------------------------------
Residue: GL4 4    0.947809 (0) 0.046630 (1) 0.000430 (1) 0.004840 (1) 0.000290 (1) 
Residue: GL4 5    0.993440 (0) 0.003160 (1) 0.000170 (1) 0.002990 (1) 0.000240 (1) 
Residue: LYS 7    0.999430 (3) 0.000570 (2) 
Residue: HIP 11   0.701177 (2) 0.247782 (1) 0.051041 (1) 
Residue: GL4 13   0.962290 (0) 0.014910 (1) 0.004490 (1) 0.016110 (1) 0.002200 (1) 
Residue: LYS 18   0.984700 (3) 0.015300 (2) 
Residue: GL4 20   0.934939 (0) 0.030050 (1) 0.002850 (1) 0.029940 (1) 0.002220 (1) 
Residue: AS4 24   0.999280 (0) 0.000440 (1) 0.000000 (1) 0.000260 (1) 0.000020 (1) 
Residue: LYS 27   0.995090 (3) 0.004910 (2) 
Residue: AS4 30   0.980600 (0) 0.008560 (1) 0.002170 (1) 0.007960 (1) 0.000710 (1) 
Residue: GL4 33   0.960680 (0) 0.017580 (1) 0.001440 (1) 0.016750 (1) 0.003550 (1) 
Residue: AS4 37   0.963850 (0) 0.014870 (1) 0.000150 (1) 0.020960 (1) 0.000170 (1) 
Residue: GL4 39   0.837478 (0) 0.026370 (1) 0.076211 (1) 0.031240 (1) 0.028700 (1) 
Residue: AS4 40   0.998310 (0) 0.000530 (1) 0.000000 (1) 0.000950 (1) 0.000210 (1) 
Residue: LYS 41   0.998580 (3) 0.001420 (2) 
Residue: LYS 42   0.999630 (3) 0.000370 (2) 
Residue: GL4 48   0.980630 (0) 0.004440 (1) 0.000410 (1) 0.014330 (1) 0.000190 (1) 
Residue: LYS 52   0.927199 (3) 0.072801 (2) 
Residue: AS4 58   0.999910 (0) 0.000040 (1) 0.000000 (1) 0.000050 (1) 0.000000 (1) 
Residue: LYS 59   0.995760 (3) 0.004240 (2) 
Residue: LYS 64   0.993280 (3) 0.006720 (2) 
Residue: LYS 69   0.996350 (3) 0.003650 (2) 
Residue: GL4 73   0.962770 (0) 0.015390 (1) 0.003940 (1) 0.013170 (1) 0.004730 (1) 
Residue: AS4 77   0.998760 (0) 0.000760 (1) 0.000000 (1) 0.000480 (1) 0.000000 (1) 
Residue: GL4 78   0.917169 (0) 0.030210 (1) 0.001020 (1) 0.050701 (1) 0.000900 (1) 
Residue: LYS 82   0.997620 (3) 0.002380 (2) 
Residue: AS4 87   0.991450 (0) 0.003500 (1) 0.000690 (1) 0.003670 (1) 0.000690 (1) 
Residue: GL4 93   0.998490 (0) 0.000610 (1) 0.000000 (1) 0.000410 (1) 0.000490 (1) 
Residue: GL4 94   0.970090 (0) 0.012910 (1) 0.001980 (1) 0.012350 (1) 0.002670 (1) 
Residue: HIP 97   0.517875 (2) 0.438794 (1) 0.043330 (1) 
Residue: LYS 99   0.997710 (3) 0.002290 (2) 
Residue: LYS 102  0.998530 (3) 0.001470 (2) 
Residue: LYS 109  0.998560 (3) 0.001440 (2) 
Residue: LYS 111  0.998810 (3) 0.001190 (2) 
Residue: LYS 114  0.995570 (3) 0.004430 (2) 
Residue: AS4 117  0.966840 (0) 0.021290 (1) 0.000280 (1) 0.011030 (1) 0.000560 (1) 
