   Residue Number     State  0     State  1     State  2     State  3     State  4 
-----------------------------------------------------------------------------------
Residue: GL4 4    0.967510 (0) 0.030260 (1) 0.000190 (1) 0.001920 (1) 0.000120 (1) 
Residue: GL4 5    0.997890 (0) 0.001040 (1) 0.000090 (1) 0.000950 (1) 0.000030 (1) 
Residue: LYS 7    0.998570 (3) 0.001430 (2) 
Residue: HIP 11   0.447664 (2) 0.454095 (1) 0.098241 (1) 
Residue: GL4 13   0.978150 (0) 0.008690 (1) 0.002980 (1) 0.009490 (1) 0.000690 (1) 
Residue: LYS 18   0.959240 (3) 0.040760 (2) 
Residue: GL4 20   0.971770 (0) 0.013510 (1) 0.001170 (1) 0.012730 (1) 0.000820 (1) 
Residue: AS4 24   0.999830 (0) 0.000120 (1) 0.000000 (1) 0.000050 (1) 0.000000 (1) 
Residue: LYS 27   0.990200 (3) 0.009800 (2) 
Residue: AS4 30   0.992270 (0) 0.003760 (1) 0.000730 (1) 0.003030 (1) 0.000210 (1) 
Residue: GL4 33   0.984350 (0) 0.006850 (1) 0.000480 (1) 0.007160 (1) 0.001160 (1) 
Residue: AS4 37   0.986490 (0) 0.005300 (1) 0.000130 (1) 0.007850 (1) 0.000230 (1) 
Residue: GL4 39   0.921639 (0) 0.010270 (1) 0.045700 (1) 0.011570 (1) 0.010820 (1) 
Residue: AS4 40   0.999560 (0) 0.000230 (1) 0.000000 (1) 0.000190 (1) 0.000020 (1) 
Residue: LYS 41   0.996820 (3) 0.003180 (2) 
Residue: LYS 42   0.998500 (3) 0.001500 (2) 
Residue: GL4 48   0.987690 (0) 0.002760 (1) 0.000320 (1) 0.009100 (1) 0.000130 (1) 
Residue: LYS 52   0.865669 (3) 0.134331 (2) 
Residue: AS4 58   0.999980 (0) 0.000020 (1) 0.000000 (1) 0.000000 (1) 0.000000 (1) 
Residue: LYS 59   0.994300 (3) 0.005700 (2) 
Residue: LYS 64   0.984190 (3) 0.015810 (2) 
Residue: LYS 69   0.991190 (3) 0.008810 (2) 
Residue: GL4 73   0.985350 (0) 0.005860 (1) 0.001390 (1) 0.005580 (1) 0.001820 (1) 
Residue: AS4 77   0.999360 (0) 0.000480 (1) 0.000010 (1) 0.000150 (1) 0.000000 (1) 
Residue: GL4 78   0.962100 (0) 0.011990 (1) 0.000730 (1) 0.024990 (1) 0.000190 (1) 
Residue: LYS 82   0.996150 (3) 0.003850 (2) 
Residue: AS4 87   0.996010 (0) 0.001730 (1) 0.000240 (1) 0.001650 (1) 0.000370 (1) 
Residue: GL4 93   0.999220 (0) 0.000180 (1) 0.000000 (1) 0.000150 (1) 0.000450 (1) 
Residue: GL4 94   0.989850 (0) 0.004300 (1) 0.000590 (1) 0.004520 (1) 0.000740 (1) 
Residue: HIP 97   0.289843 (2) 0.675527 (1) 0.034630 (1) 
Residue: LYS 99   0.993730 (3) 0.006270 (2) 
Residue: LYS 102  0.996520 (3) 0.003480 (2) 
Residue: LYS 109  0.997420 (3) 0.002580 (2) 
Residue: LYS 111  0.996370 (3) 0.003630 (2) 
Residue: LYS 114  0.992100 (3) 0.007900 (2) 
Residue: AS4 117  0.980020 (0) 0.009500 (1) 0.000040 (1) 0.010160 (1) 0.000280 (1) 
