   Residue Number     State  0     State  1     State  2     State  3     State  4 
-----------------------------------------------------------------------------------
Residue: GL4 4    0.982310 (0) 0.016650 (1) 0.000020 (1) 0.000970 (1) 0.000050 (1) 
Residue: GL4 5    0.999110 (0) 0.000460 (1) 0.000020 (1) 0.000380 (1) 0.000030 (1) 
Residue: LYS 7    0.997550 (3) 0.002450 (2) 
Residue: HIP 11   0.210052 (2) 0.635056 (1) 0.154892 (1) 
Residue: GL4 13   0.988440 (0) 0.004830 (1) 0.001800 (1) 0.004720 (1) 0.000210 (1) 
Residue: LYS 18   0.897409 (3) 0.102591 (2) 
Residue: GL4 20   0.988550 (0) 0.005390 (1) 0.000410 (1) 0.005280 (1) 0.000370 (1) 
Residue: AS4 24   0.999950 (0) 0.000020 (1) 0.000000 (1) 0.000030 (1) 0.000000 (1) 
Residue: LYS 27   0.973870 (3) 0.026130 (2) 
Residue: AS4 30   0.996660 (0) 0.001420 (1) 0.000600 (1) 0.001200 (1) 0.000120 (1) 
Residue: GL4 33   0.993950 (0) 0.002280 (1) 0.000120 (1) 0.003170 (1) 0.000480 (1) 
Residue: AS4 37   0.995520 (0) 0.001900 (1) 0.000120 (1) 0.002390 (1) 0.000070 (1) 
Residue: GL4 39   0.965680 (0) 0.004960 (1) 0.021860 (1) 0.004010 (1) 0.003490 (1) 
Residue: AS4 40   0.999800 (0) 0.000150 (1) 0.000000 (1) 0.000050 (1) 0.000000 (1) 
Residue: LYS 41   0.991750 (3) 0.008250 (2) 
Residue: LYS 42   0.995420 (3) 0.004580 (2) 
Residue: GL4 48   0.993170 (0) 0.001280 (1) 0.000240 (1) 0.005210 (1) 0.000100 (1) 
Residue: LYS 52   0.738307 (3) 0.261693 (2) 
Residue: AS4 58   1.000000 (0) 0.000000 (1) 0.000000 (1) 0.000000 (1) 0.000000 (1) 
Residue: LYS 59   0.989210 (3) 0.010790 (2) 
Residue: LYS 64   0.953360 (3) 0.046640 (2) 
Residue: LYS 69   0.975630 (3) 0.024370 (2) 
Residue: GL4 73   0.992900 (0) 0.002600 (1) 0.000380 (1) 0.003710 (1) 0.000410 (1) 
Residue: AS4 77   0.999730 (0) 0.000170 (1) 0.000000 (1) 0.000100 (1) 0.000000 (1) 
Residue: GL4 78   0.986760 (0) 0.003090 (1) 0.000220 (1) 0.009920 (1) 0.000010 (1) 
Residue: LYS 82   0.990800 (3) 0.009200 (2) 
Residue: AS4 87   0.997740 (0) 0.001080 (1) 0.000030 (1) 0.001080 (1) 0.000070 (1) 
Residue: GL4 93   0.999660 (0) 0.000060 (1) 0.000000 (1) 0.000060 (1) 0.000220 (1) 
Residue: GL4 94   0.996150 (0) 0.001720 (1) 0.000190 (1) 0.001650 (1) 0.000290 (1) 
Residue: HIP 97   0.128821 (2) 0.846258 (1) 0.024920 (1) 
Residue: LYS 99   0.975900 (3) 0.024100 (2) 
Residue: LYS 102  0.991930 (3) 0.008070 (2) 
Residue: LYS 109  0.992240 (3) 0.007760 (2) 
Residue: LYS 111  0.991230 (3) 0.008770 (2) 
Residue: LYS 114  0.979050 (3) 0.020950 (2) 
Residue: AS4 117  0.986900 (0) 0.004210 (1) 0.000010 (1) 0.008790 (1) 0.000090 (1) 
