   Residue Number     State  0     State  1     State  2     State  3     State  4 
-----------------------------------------------------------------------------------
Residue: GL4 4    0.166727 (0) 0.428040 (1) 0.030649 (1) 0.355660 (1) 0.018925 (1) 
Residue: GL4 5    0.161925 (0) 0.346057 (1) 0.020566 (1) 0.435242 (1) 0.036210 (1) 
Residue: LYS 7    0.999760 (3) 0.000240 (2) 
Residue: HIP 11   0.998640 (2) 0.001000 (1) 0.000360 (1) 
Residue: GL4 13   0.039891 (0) 0.549914 (1) 0.012003 (1) 0.373345 (1) 0.024847 (1) 
Residue: LYS 18   0.999760 (3) 0.000240 (2) 
Residue: GL4 20   0.007762 (0) 0.467051 (1) 0.033529 (1) 0.459689 (1) 0.031969 (1) 
Residue: AS4 24   0.670188 (0) 0.186572 (1) 0.004401 (1) 0.136318 (1) 0.002521 (1) 
Residue: LYS 27   1.000000 (3) 0.000000 (2) 
Residue: AS4 30   0.132237 (0) 0.410955 (1) 0.034770 (1) 0.375825 (1) 0.046213 (1) 
Residue: GL4 33   0.069379 (0) 0.366703 (1) 0.064218 (1) 0.452567 (1) 0.047133 (1) 
Residue: AS4 37   0.524187 (0) 0.210939 (1) 0.005602 (1) 0.254711 (1) 0.004561 (1) 
Residue: GL4 39   0.073180 (0) 0.392110 (1) 0.057216 (1) 0.412596 (1) 0.064898 (1) 
Residue: AS4 40   0.853599 (0) 0.076501 (1) 0.002841 (1) 0.063018 (1) 0.004041 (1) 
Residue: LYS 41   1.000000 (3) 0.000000 (2) 
Residue: LYS 42   1.000000 (3) 0.000000 (2) 
Residue: GL4 48   0.573000 (0) 0.197175 (1) 0.012844 (1) 0.168687 (1) 0.048294 (1) 
Residue: LYS 52   0.999320 (3) 0.000680 (2) 
Residue: AS4 58   0.869563 (0) 0.065098 (1) 0.000080 (1) 0.065138 (1) 0.000120 (1) 
Residue: LYS 59   1.000000 (3) 0.000000 (2) 
Residue: LYS 64   1.000000 (3) 0.000000 (2) 
Residue: LYS 69   0.999840 (3) 0.000160 (2) 
Residue: GL4 73   0.211139 (0) 0.359381 (1) 0.041852 (1) 0.358780 (1) 0.028848 (1) 
Residue: AS4 77   0.750730 (0) 0.107830 (1) 0.002201 (1) 0.137398 (1) 0.001841 (1) 
Residue: GL4 78   0.149522 (0) 0.438603 (1) 0.036050 (1) 0.344937 (1) 0.030889 (1) 
Residue: LYS 82   1.000000 (3) 0.000000 (2) 
Residue: AS4 87   0.113312 (0) 0.225263 (1) 0.155123 (1) 0.312207 (1) 0.194094 (1) 
Residue: GL4 93   0.613892 (0) 0.126435 (1) 0.013204 (1) 0.241828 (1) 0.004641 (1) 
Residue: GL4 94   0.048814 (0) 0.432561 (1) 0.048694 (1) 0.434442 (1) 0.035490 (1) 
Residue: HIP 97   0.990717 (2) 0.004961 (1) 0.004321 (1) 
Residue: LYS 99   0.999240 (3) 0.000760 (2) 
Residue: LYS 102  0.999880 (3) 0.000120 (2) 
Residue: LYS 109  0.999840 (3) 0.000160 (2) 
Residue: LYS 111  1.000000 (3) 0.000000 (2) 
Residue: LYS 114  0.999920 (3) 0.000080 (2) 
Residue: AS4 117  0.072900 (0) 0.331253 (1) 0.021166 (1) 0.562477 (1) 0.012203 (1) 
