   Residue Number     State  0     State  1     State  2     State  3     State  4 
-----------------------------------------------------------------------------------
Residue: GL4 4    0.261953 (0) 0.353659 (1) 0.022126 (1) 0.345537 (1) 0.016725 (1) 
Residue: GL4 5    0.372864 (0) 0.285920 (1) 0.016165 (1) 0.306966 (1) 0.018085 (1) 
Residue: LYS 7    0.999960 (3) 0.000040 (2) 
Residue: HIP 11   0.996359 (2) 0.002921 (1) 0.000720 (1) 
Residue: GL4 13   0.189453 (0) 0.422878 (1) 0.015204 (1) 0.341656 (1) 0.030809 (1) 
Residue: LYS 18   0.999960 (3) 0.000040 (2) 
Residue: GL4 20   0.023567 (0) 0.468731 (1) 0.032489 (1) 0.448886 (1) 0.026327 (1) 
Residue: AS4 24   0.837515 (0) 0.087344 (1) 0.002401 (1) 0.070780 (1) 0.001961 (1) 
Residue: LYS 27   1.000000 (3) 0.000000 (2) 
Residue: AS4 30   0.395911 (0) 0.277598 (1) 0.035650 (1) 0.263794 (1) 0.027048 (1) 
Residue: GL4 33   0.100428 (0) 0.347737 (1) 0.039931 (1) 0.414956 (1) 0.096947 (1) 
Residue: AS4 37   0.760613 (0) 0.103229 (1) 0.001240 (1) 0.132717 (1) 0.002201 (1) 
Residue: GL4 39   0.104509 (0) 0.382347 (1) 0.046773 (1) 0.401392 (1) 0.064978 (1) 
Residue: AS4 40   0.887168 (0) 0.054215 (1) 0.004281 (1) 0.050894 (1) 0.003441 (1) 
Residue: LYS 41   1.000000 (3) 0.000000 (2) 
Residue: LYS 42   1.000000 (3) 0.000000 (2) 
Residue: GL4 48   0.723523 (0) 0.136798 (1) 0.003881 (1) 0.109951 (1) 0.025847 (1) 
Residue: LYS 52   0.999280 (3) 0.000720 (2) 
Residue: AS4 58   0.968471 (0) 0.016725 (1) 0.000080 (1) 0.014684 (1) 0.000040 (1) 
Residue: LYS 59   1.000000 (3) 0.000000 (2) 
Residue: LYS 64   0.999960 (3) 0.000040 (2) 
Residue: LYS 69   0.999600 (3) 0.000400 (2) 
Residue: GL4 73   0.382507 (0) 0.281119 (1) 0.037250 (1) 0.273036 (1) 0.026087 (1) 
Residue: AS4 77   0.862922 (0) 0.064538 (1) 0.001480 (1) 0.069860 (1) 0.001200 (1) 
Residue: GL4 78   0.266075 (0) 0.386868 (1) 0.031009 (1) 0.250310 (1) 0.065738 (1) 
Residue: LYS 82   1.000000 (3) 0.000000 (2) 
Residue: AS4 87   0.278038 (0) 0.239867 (1) 0.087625 (1) 0.246269 (1) 0.148201 (1) 
Residue: GL4 93   0.617573 (0) 0.104509 (1) 0.061817 (1) 0.200856 (1) 0.015244 (1) 
Residue: GL4 94   0.114352 (0) 0.385708 (1) 0.047173 (1) 0.413196 (1) 0.039571 (1) 
Residue: HIP 97   0.981315 (2) 0.009883 (1) 0.008802 (1) 
Residue: LYS 99   0.997319 (3) 0.002681 (2) 
Residue: LYS 102  0.999840 (3) 0.000160 (2) 
Residue: LYS 109  0.999760 (3) 0.000240 (2) 
Residue: LYS 111  1.000000 (3) 0.000000 (2) 
Residue: LYS 114  0.999760 (3) 0.000240 (2) 
Residue: AS4 117  0.201656 (0) 0.311367 (1) 0.014604 (1) 0.440963 (1) 0.031409 (1) 
