   Residue Number     State  0     State  1     State  2     State  3     State  4 
-----------------------------------------------------------------------------------
Residue: GL4 4    0.474333 (0) 0.253711 (1) 0.016205 (1) 0.243828 (1) 0.011923 (1) 
Residue: GL4 5    0.539911 (0) 0.210859 (1) 0.013284 (1) 0.223863 (1) 0.012083 (1) 
Residue: LYS 7    0.999920 (3) 0.000080 (2) 
Residue: HIP 11   0.984556 (2) 0.013644 (1) 0.001801 (1) 
Residue: GL4 13   0.443084 (0) 0.276878 (1) 0.020206 (1) 0.205858 (1) 0.053975 (1) 
Residue: LYS 18   0.999920 (3) 0.000080 (2) 
Residue: GL4 20   0.085064 (0) 0.449006 (1) 0.028328 (1) 0.419397 (1) 0.018205 (1) 
Residue: AS4 24   0.918937 (0) 0.039451 (1) 0.000760 (1) 0.040291 (1) 0.000560 (1) 
Residue: LYS 27   0.999360 (3) 0.000640 (2) 
Residue: AS4 30   0.628216 (0) 0.195215 (1) 0.015924 (1) 0.149122 (1) 0.011523 (1) 
Residue: GL4 33   0.178810 (0) 0.318209 (1) 0.040771 (1) 0.355540 (1) 0.106670 (1) 
Residue: AS4 37   0.873645 (0) 0.052535 (1) 0.001320 (1) 0.070900 (1) 0.001600 (1) 
Residue: GL4 39   0.210579 (0) 0.328812 (1) 0.046693 (1) 0.342536 (1) 0.071380 (1) 
Residue: AS4 40   0.937102 (0) 0.024207 (1) 0.002641 (1) 0.033889 (1) 0.002161 (1) 
Residue: LYS 41   1.000000 (3) 0.000000 (2) 
Residue: LYS 42   1.000000 (3) 0.000000 (2) 
Residue: GL4 48   0.876085 (0) 0.057776 (1) 0.002161 (1) 0.060257 (1) 0.003721 (1) 
Residue: LYS 52   0.998680 (3) 0.001320 (2) 
Residue: AS4 58   0.992518 (0) 0.003481 (1) 0.000080 (1) 0.003921 (1) 0.000000 (1) 
Residue: LYS 59   0.999960 (3) 0.000040 (2) 
Residue: LYS 64   0.999680 (3) 0.000320 (2) 
Residue: LYS 69   1.000000 (3) 0.000000 (2) 
Residue: GL4 73   0.423239 (0) 0.251710 (1) 0.065498 (1) 0.235866 (1) 0.023687 (1) 
Residue: AS4 77   0.905013 (0) 0.045533 (1) 0.000520 (1) 0.047933 (1) 0.001000 (1) 
Residue: GL4 78   0.438523 (0) 0.312407 (1) 0.021726 (1) 0.189293 (1) 0.038051 (1) 
Residue: LYS 82   1.000000 (3) 0.000000 (2) 
Residue: AS4 87   0.450526 (0) 0.208658 (1) 0.035690 (1) 0.191574 (1) 0.113552 (1) 
Residue: GL4 93   0.707798 (0) 0.106550 (1) 0.045653 (1) 0.119633 (1) 0.020366 (1) 
Residue: GL4 94   0.252791 (0) 0.328492 (1) 0.044292 (1) 0.337695 (1) 0.036730 (1) 
Residue: HIP 97   0.973833 (2) 0.017645 (1) 0.008522 (1) 
Residue: LYS 99   0.996359 (3) 0.003641 (2) 
Residue: LYS 102  0.999800 (3) 0.000200 (2) 
Residue: LYS 109  0.999640 (3) 0.000360 (2) 
Residue: LYS 111  0.999960 (3) 0.000040 (2) 
Residue: LYS 114  0.999600 (3) 0.000400 (2) 
Residue: AS4 117  0.336454 (0) 0.307526 (1) 0.006602 (1) 0.291041 (1) 0.058376 (1) 
