   Residue Number     State  0     State  1     State  2     State  3     State  4 
-----------------------------------------------------------------------------------
Residue: GL4 4    0.705037 (0) 0.144160 (1) 0.007082 (1) 0.134838 (1) 0.008882 (1) 
Residue: GL4 5    0.734046 (0) 0.124715 (1) 0.009563 (1) 0.123675 (1) 0.008002 (1) 
Residue: LYS 7    0.999840 (3) 0.000160 (2) 
Residue: HIP 11   0.970232 (2) 0.025447 (1) 0.004321 (1) 
Residue: GL4 13   0.591366 (0) 0.196615 (1) 0.044132 (1) 0.101508 (1) 0.066379 (1) 
Residue: LYS 18   0.999440 (3) 0.000560 (2) 
Residue: GL4 20   0.206298 (0) 0.379866 (1) 0.018685 (1) 0.373104 (1) 0.022046 (1) 
Residue: AS4 24   0.960429 (0) 0.014204 (1) 0.000240 (1) 0.024887 (1) 0.000240 (1) 
Residue: LYS 27   0.998360 (3) 0.001640 (2) 
Residue: AS4 30   0.801945 (0) 0.106670 (1) 0.006002 (1) 0.079742 (1) 0.005642 (1) 
Residue: GL4 33   0.330893 (0) 0.268595 (1) 0.038251 (1) 0.290521 (1) 0.071740 (1) 
Residue: AS4 37   0.938023 (0) 0.032809 (1) 0.001040 (1) 0.026808 (1) 0.001320 (1) 
Residue: GL4 39   0.354139 (0) 0.278558 (1) 0.041812 (1) 0.288481 (1) 0.037010 (1) 
Residue: AS4 40   0.965910 (0) 0.011243 (1) 0.001400 (1) 0.020726 (1) 0.000720 (1) 
Residue: LYS 41   1.000000 (3) 0.000000 (2) 
Residue: LYS 42   0.999960 (3) 0.000040 (2) 
Residue: GL4 48   0.943464 (0) 0.025047 (1) 0.002601 (1) 0.028368 (1) 0.000520 (1) 
Residue: LYS 52   0.997959 (3) 0.002041 (2) 
Residue: AS4 58   0.996839 (0) 0.001841 (1) 0.000000 (1) 0.001320 (1) 0.000000 (1) 
Residue: LYS 59   0.999880 (3) 0.000120 (2) 
Residue: LYS 64   0.999720 (3) 0.000280 (2) 
Residue: LYS 69   0.999440 (3) 0.000560 (2) 
Residue: GL4 73   0.558236 (0) 0.208418 (1) 0.049414 (1) 0.165446 (1) 0.018485 (1) 
Residue: AS4 77   0.957108 (0) 0.023327 (1) 0.000200 (1) 0.019165 (1) 0.000200 (1) 
Residue: GL4 78   0.607730 (0) 0.260833 (1) 0.006922 (1) 0.102349 (1) 0.022166 (1) 
Residue: LYS 82   1.000000 (3) 0.000000 (2) 
Residue: AS4 87   0.599048 (0) 0.144040 (1) 0.028888 (1) 0.142840 (1) 0.085184 (1) 
Residue: GL4 93   0.810707 (0) 0.077062 (1) 0.029368 (1) 0.065498 (1) 0.017365 (1) 
Residue: GL4 94   0.429520 (0) 0.252431 (1) 0.030168 (1) 0.248990 (1) 0.038891 (1) 
Residue: HIP 97   0.967471 (2) 0.026567 (1) 0.005962 (1) 
Residue: LYS 99   0.998079 (3) 0.001921 (2) 
Residue: LYS 102  1.000000 (3) 0.000000 (2) 
Residue: LYS 109  0.999760 (3) 0.000240 (2) 
Residue: LYS 111  0.999960 (3) 0.000040 (2) 
Residue: LYS 114  0.999800 (3) 0.000200 (2) 
Residue: AS4 117  0.507862 (0) 0.209139 (1) 0.004681 (1) 0.207698 (1) 0.070620 (1) 
