   Residue Number     State  0     State  1     State  2     State  3     State  4 
-----------------------------------------------------------------------------------
Residue: GL4 4    0.864642 (0) 0.062898 (1) 0.004721 (1) 0.063698 (1) 0.004041 (1) 
Residue: GL4 5    0.865042 (0) 0.069579 (1) 0.004961 (1) 0.057256 (1) 0.003161 (1) 
Residue: LYS 7    0.999960 (3) 0.000040 (2) 
Residue: HIP 11   0.919818 (2) 0.068699 (1) 0.011483 (1) 
Residue: GL4 13   0.721042 (0) 0.121594 (1) 0.042892 (1) 0.062658 (1) 0.051815 (1) 
Residue: LYS 18   0.998560 (3) 0.001440 (2) 
Residue: GL4 20   0.332733 (0) 0.300604 (1) 0.025087 (1) 0.322370 (1) 0.019205 (1) 
Residue: AS4 24   0.984596 (0) 0.004641 (1) 0.000040 (1) 0.010523 (1) 0.000200 (1) 
Residue: LYS 27   0.998560 (3) 0.001440 (2) 
Residue: AS4 30   0.881447 (0) 0.053135 (1) 0.008362 (1) 0.052775 (1) 0.004281 (1) 
Residue: GL4 33   0.546593 (0) 0.184612 (1) 0.023567 (1) 0.211019 (1) 0.034210 (1) 
Residue: AS4 37   0.971272 (0) 0.016725 (1) 0.000400 (1) 0.010643 (1) 0.000960 (1) 
Residue: GL4 39   0.571480 (0) 0.199736 (1) 0.022126 (1) 0.192894 (1) 0.013764 (1) 
Residue: AS4 40   0.982475 (0) 0.006402 (1) 0.000280 (1) 0.010603 (1) 0.000240 (1) 
Residue: LYS 41   0.999920 (3) 0.000080 (2) 
Residue: LYS 42   1.000000 (3) 0.000000 (2) 
Residue: GL4 48   0.966511 (0) 0.017605 (1) 0.001841 (1) 0.013604 (1) 0.000440 (1) 
Residue: LYS 52   0.996239 (3) 0.003761 (2) 
Residue: AS4 58   0.998960 (0) 0.000760 (1) 0.000000 (1) 0.000280 (1) 0.000000 (1) 
Residue: LYS 59   0.999840 (3) 0.000160 (2) 
Residue: LYS 64   0.999240 (3) 0.000760 (2) 
Residue: LYS 69   0.997599 (3) 0.002401 (2) 
Residue: GL4 73   0.686472 (0) 0.155123 (1) 0.025607 (1) 0.113192 (1) 0.019605 (1) 
Residue: AS4 77   0.980955 (0) 0.011163 (1) 0.000240 (1) 0.007482 (1) 0.000160 (1) 
Residue: GL4 78   0.747489 (0) 0.187052 (1) 0.003041 (1) 0.054855 (1) 0.007562 (1) 
Residue: LYS 82   0.999840 (3) 0.000160 (2) 
Residue: AS4 87   0.783259 (0) 0.083103 (1) 0.015444 (1) 0.070020 (1) 0.048173 (1) 
Residue: GL4 93   0.900692 (0) 0.029168 (1) 0.024127 (1) 0.036010 (1) 0.010003 (1) 
Residue: GL4 94   0.630336 (0) 0.169167 (1) 0.017205 (1) 0.160125 (1) 0.023166 (1) 
Residue: HIP 97   0.945785 (2) 0.045053 (1) 0.009163 (1) 
Residue: LYS 99   0.999280 (3) 0.000720 (2) 
Residue: LYS 102  0.999480 (3) 0.000520 (2) 
Residue: LYS 109  0.998840 (3) 0.001160 (2) 
Residue: LYS 111  0.999920 (3) 0.000080 (2) 
Residue: LYS 114  0.999120 (3) 0.000880 (2) 
Residue: AS4 117  0.625735 (0) 0.174369 (1) 0.004201 (1) 0.161525 (1) 0.034170 (1) 
