   Residue Number     State  0     State  1     State  2     State  3     State  4 
-----------------------------------------------------------------------------------
Residue: GL4 4    0.943664 (0) 0.027208 (1) 0.001801 (1) 0.025807 (1) 0.001520 (1) 
Residue: GL4 5    0.943824 (0) 0.030569 (1) 0.001440 (1) 0.022486 (1) 0.001680 (1) 
Residue: LYS 7    0.999280 (3) 0.000720 (2) 
Residue: HIP 11   0.874205 (2) 0.104749 (1) 0.021046 (1) 
Residue: GL4 13   0.880246 (0) 0.056656 (1) 0.011683 (1) 0.032929 (1) 0.018485 (1) 
Residue: LYS 18   0.994839 (3) 0.005161 (2) 
Residue: GL4 20   0.592286 (0) 0.178770 (1) 0.015444 (1) 0.203937 (1) 0.009563 (1) 
Residue: AS4 24   0.994158 (0) 0.002561 (1) 0.000080 (1) 0.003161 (1) 0.000040 (1) 
Residue: LYS 27   0.998480 (3) 0.001520 (2) 
Residue: AS4 30   0.946825 (0) 0.020446 (1) 0.005281 (1) 0.020086 (1) 0.007362 (1) 
Residue: GL4 33   0.756972 (0) 0.105229 (1) 0.010723 (1) 0.113072 (1) 0.014004 (1) 
Residue: AS4 37   0.985596 (0) 0.007082 (1) 0.000360 (1) 0.006322 (1) 0.000640 (1) 
Residue: GL4 39   0.786140 (0) 0.106430 (1) 0.006162 (1) 0.097187 (1) 0.004081 (1) 
Residue: AS4 40   0.991478 (0) 0.002561 (1) 0.000000 (1) 0.005842 (1) 0.000120 (1) 
Residue: LYS 41   0.999960 (3) 0.000040 (2) 
Residue: LYS 42   0.999960 (3) 0.000040 (2) 
Residue: GL4 48   0.969591 (0) 0.016085 (1) 0.003201 (1) 0.010803 (1) 0.000320 (1) 
Residue: LYS 52   0.994438 (3) 0.005562 (2) 
Residue: AS4 58   0.999720 (0) 0.000200 (1) 0.000000 (1) 0.000080 (1) 0.000000 (1) 
Residue: LYS 59   0.999840 (3) 0.000160 (2) 
Residue: LYS 64   0.998440 (3) 0.001560 (2) 
Residue: LYS 69   0.996479 (3) 0.003521 (2) 
Residue: GL4 73   0.821590 (0) 0.076301 (1) 0.012564 (1) 0.066459 (1) 0.023086 (1) 
Residue: AS4 77   0.992838 (0) 0.003281 (1) 0.000000 (1) 0.003801 (1) 0.000080 (1) 
Residue: GL4 78   0.891410 (0) 0.074661 (1) 0.001200 (1) 0.031169 (1) 0.001560 (1) 
Residue: LYS 82   0.999600 (3) 0.000400 (2) 
Residue: AS4 87   0.907854 (0) 0.039651 (1) 0.004081 (1) 0.035930 (1) 0.012483 (1) 
Residue: GL4 93   0.946465 (0) 0.016285 (1) 0.011043 (1) 0.021606 (1) 0.004601 (1) 
Residue: GL4 94   0.829632 (0) 0.078702 (1) 0.007922 (1) 0.074461 (1) 0.009283 (1) 
Residue: HIP 97   0.874125 (2) 0.109711 (1) 0.016165 (1) 
Residue: LYS 99   0.999200 (3) 0.000800 (2) 
Residue: LYS 102  0.999480 (3) 0.000520 (2) 
Residue: LYS 109  0.996959 (3) 0.003041 (2) 
Residue: LYS 111  0.999800 (3) 0.000200 (2) 
Residue: LYS 114  0.998680 (3) 0.001320 (2) 
Residue: AS4 117  0.789621 (0) 0.098668 (1) 0.002801 (1) 0.095987 (1) 0.012924 (1) 
