   Residue Number     State  0     State  1     State  2     State  3     State  4 
-----------------------------------------------------------------------------------
Residue: GL4 4    0.974953 (0) 0.011043 (1) 0.000960 (1) 0.012243 (1) 0.000800 (1) 
Residue: GL4 5    0.978274 (0) 0.010643 (1) 0.000680 (1) 0.009843 (1) 0.000560 (1) 
Residue: LYS 7    0.997599 (3) 0.002401 (2) 
Residue: HIP 11   0.798544 (2) 0.166727 (1) 0.034730 (1) 
Residue: GL4 13   0.959429 (0) 0.023006 (1) 0.002241 (1) 0.010563 (1) 0.004761 (1) 
Residue: LYS 18   0.989077 (3) 0.010923 (2) 
Residue: GL4 20   0.799664 (0) 0.078502 (1) 0.005482 (1) 0.111431 (1) 0.004921 (1) 
Residue: AS4 24   0.996919 (0) 0.001480 (1) 0.000080 (1) 0.001480 (1) 0.000040 (1) 
Residue: LYS 27   0.997119 (3) 0.002881 (2) 
Residue: AS4 30   0.972312 (0) 0.010403 (1) 0.003481 (1) 0.010083 (1) 0.003721 (1) 
Residue: GL4 33   0.898372 (0) 0.046813 (1) 0.003801 (1) 0.044532 (1) 0.006482 (1) 
Residue: AS4 37   0.992878 (0) 0.002441 (1) 0.001320 (1) 0.002881 (1) 0.000480 (1) 
Residue: GL4 39   0.913656 (0) 0.043092 (1) 0.001440 (1) 0.040491 (1) 0.001320 (1) 
Residue: AS4 40   0.997559 (0) 0.000640 (1) 0.000000 (1) 0.001801 (1) 0.000000 (1) 
Residue: LYS 41   0.999720 (3) 0.000280 (2) 
Residue: LYS 42   0.999960 (3) 0.000040 (2) 
Residue: GL4 48   0.972952 (0) 0.015844 (1) 0.002601 (1) 0.008522 (1) 0.000080 (1) 
Residue: LYS 52   0.982995 (3) 0.017005 (2) 
Residue: AS4 58   0.999920 (0) 0.000080 (1) 0.000000 (1) 0.000000 (1) 0.000000 (1) 
Residue: LYS 59   0.999640 (3) 0.000360 (2) 
Residue: LYS 64   0.998159 (3) 0.001841 (2) 
Residue: LYS 69   0.996319 (3) 0.003681 (2) 
Residue: GL4 73   0.921138 (0) 0.029168 (1) 0.005281 (1) 0.029808 (1) 0.014604 (1) 
Residue: AS4 77   0.997279 (0) 0.001480 (1) 0.000040 (1) 0.001080 (1) 0.000120 (1) 
Residue: GL4 78   0.956628 (0) 0.030088 (1) 0.000600 (1) 0.012443 (1) 0.000240 (1) 
Residue: LYS 82   0.999720 (3) 0.000280 (2) 
Residue: AS4 87   0.959029 (0) 0.019405 (1) 0.000920 (1) 0.016725 (1) 0.003921 (1) 
Residue: GL4 93   0.975793 (0) 0.007042 (1) 0.006082 (1) 0.009603 (1) 0.001480 (1) 
Residue: GL4 94   0.928660 (0) 0.033009 (1) 0.003081 (1) 0.031729 (1) 0.003521 (1) 
Residue: HIP 97   0.747209 (2) 0.226663 (1) 0.026127 (1) 
Residue: LYS 99   0.998960 (3) 0.001040 (2) 
Residue: LYS 102  0.999280 (3) 0.000720 (2) 
Residue: LYS 109  0.995039 (3) 0.004961 (2) 
Residue: LYS 111  0.999680 (3) 0.000320 (2) 
Residue: LYS 114  0.998240 (3) 0.001760 (2) 
Residue: AS4 117  0.889809 (0) 0.059817 (1) 0.003041 (1) 0.040771 (1) 0.006562 (1) 
