   Residue Number     State  0     State  1     State  2     State  3     State  4 
-----------------------------------------------------------------------------------
Residue: GL4 4    0.988357 (0) 0.004401 (1) 0.000600 (1) 0.006402 (1) 0.000240 (1) 
Residue: GL4 5    0.991758 (0) 0.003961 (1) 0.000080 (1) 0.004121 (1) 0.000080 (1) 
Residue: LYS 7    0.995599 (3) 0.004401 (2) 
Residue: HIP 11   0.660145 (2) 0.289681 (1) 0.050174 (1) 
Residue: GL4 13   0.985436 (0) 0.008202 (1) 0.000520 (1) 0.004601 (1) 0.001240 (1) 
Residue: LYS 18   0.970032 (3) 0.029968 (2) 
Residue: GL4 20   0.912095 (0) 0.031009 (1) 0.001480 (1) 0.052775 (1) 0.002641 (1) 
Residue: AS4 24   0.998880 (0) 0.000960 (1) 0.000000 (1) 0.000160 (1) 0.000000 (1) 
Residue: LYS 27   0.995479 (3) 0.004521 (2) 
Residue: AS4 30   0.986836 (0) 0.004401 (1) 0.002161 (1) 0.004601 (1) 0.002001 (1) 
Residue: GL4 33   0.960709 (0) 0.017525 (1) 0.001640 (1) 0.016605 (1) 0.003521 (1) 
Residue: AS4 37   0.997039 (0) 0.000520 (1) 0.000560 (1) 0.001240 (1) 0.000640 (1) 
Residue: GL4 39   0.967511 (0) 0.015324 (1) 0.000640 (1) 0.015884 (1) 0.000640 (1) 
Residue: AS4 40   0.999080 (0) 0.000200 (1) 0.000000 (1) 0.000680 (1) 0.000040 (1) 
Residue: LYS 41   0.999520 (3) 0.000480 (2) 
Residue: LYS 42   0.999360 (3) 0.000640 (2) 
Residue: GL4 48   0.976233 (0) 0.012483 (1) 0.002881 (1) 0.008402 (1) 0.000000 (1) 
Residue: LYS 52   0.959069 (3) 0.040931 (2) 
Residue: AS4 58   0.999960 (0) 0.000000 (1) 0.000000 (1) 0.000040 (1) 0.000000 (1) 
Residue: LYS 59   0.999080 (3) 0.000920 (2) 
Residue: LYS 64   0.994919 (3) 0.005081 (2) 
Residue: LYS 69   0.994759 (3) 0.005241 (2) 
Residue: GL4 73   0.969992 (0) 0.011763 (1) 0.001560 (1) 0.009483 (1) 0.007202 (1) 
Residue: AS4 77   0.999480 (0) 0.000520 (1) 0.000000 (1) 0.000000 (1) 0.000000 (1) 
Residue: GL4 78   0.983956 (0) 0.011683 (1) 0.000160 (1) 0.004081 (1) 0.000120 (1) 
Residue: LYS 82   0.999120 (3) 0.000880 (2) 
Residue: AS4 87   0.982315 (0) 0.009403 (1) 0.000480 (1) 0.005762 (1) 0.002041 (1) 
Residue: GL4 93   0.989877 (0) 0.002761 (1) 0.001520 (1) 0.003841 (1) 0.002001 (1) 
Residue: GL4 94   0.976393 (0) 0.010923 (1) 0.000880 (1) 0.010803 (1) 0.001000 (1) 
Residue: HIP 97   0.533109 (2) 0.426199 (1) 0.040691 (1) 
Residue: LYS 99   0.995119 (3) 0.004881 (2) 
Residue: LYS 102  0.998720 (3) 0.001280 (2) 
Residue: LYS 109  0.994759 (3) 0.005241 (2) 
Residue: LYS 111  0.999320 (3) 0.000680 (2) 
Residue: LYS 114  0.997599 (3) 0.002401 (2) 
Residue: AS4 117  0.927020 (0) 0.038131 (1) 0.005321 (1) 0.024647 (1) 0.004881 (1) 
