   Residue Number     State  0     State  1     State  2     State  3     State  4 
-----------------------------------------------------------------------------------
Residue: GL4 4    0.995079 (0) 0.001720 (1) 0.000040 (1) 0.003001 (1) 0.000160 (1) 
Residue: GL4 5    0.997319 (0) 0.001440 (1) 0.000040 (1) 0.001200 (1) 0.000000 (1) 
Residue: LYS 7    0.994799 (3) 0.005201 (2) 
Residue: HIP 11   0.457968 (2) 0.455648 (1) 0.086384 (1) 
Residue: GL4 13   0.994478 (0) 0.003041 (1) 0.000000 (1) 0.002401 (1) 0.000080 (1) 
Residue: LYS 18   0.938063 (3) 0.061937 (2) 
Residue: GL4 20   0.962309 (0) 0.011523 (1) 0.000680 (1) 0.023166 (1) 0.002321 (1) 
Residue: AS4 24   0.999880 (0) 0.000080 (1) 0.000000 (1) 0.000040 (1) 0.000000 (1) 
Residue: LYS 27   0.991998 (3) 0.008002 (2) 
Residue: AS4 30   0.992918 (0) 0.002601 (1) 0.001801 (1) 0.001801 (1) 0.000880 (1) 
Residue: GL4 33   0.986516 (0) 0.005962 (1) 0.000600 (1) 0.005321 (1) 0.001600 (1) 
Residue: AS4 37   0.998320 (0) 0.000200 (1) 0.000360 (1) 0.000240 (1) 0.000880 (1) 
Residue: GL4 39   0.988717 (0) 0.005762 (1) 0.000200 (1) 0.005081 (1) 0.000240 (1) 
Residue: AS4 40   0.999600 (0) 0.000000 (1) 0.000000 (1) 0.000400 (1) 0.000000 (1) 
Residue: LYS 41   0.997879 (3) 0.002121 (2) 
Residue: LYS 42   0.998880 (3) 0.001120 (2) 
Residue: GL4 48   0.983635 (0) 0.007482 (1) 0.001961 (1) 0.006882 (1) 0.000040 (1) 
Residue: LYS 52   0.920298 (3) 0.079702 (2) 
Residue: AS4 58   1.000000 (0) 0.000000 (1) 0.000000 (1) 0.000000 (1) 0.000000 (1) 
Residue: LYS 59   0.996999 (3) 0.003001 (2) 
Residue: LYS 64   0.987637 (3) 0.012363 (2) 
Residue: LYS 69   0.989677 (3) 0.010323 (2) 
Residue: GL4 73   0.987997 (0) 0.006362 (1) 0.000640 (1) 0.003121 (1) 0.001881 (1) 
Residue: AS4 77   0.999920 (0) 0.000000 (1) 0.000000 (1) 0.000080 (1) 0.000000 (1) 
Residue: GL4 78   0.992158 (0) 0.006282 (1) 0.000000 (1) 0.001480 (1) 0.000080 (1) 
Residue: LYS 82   0.997439 (3) 0.002561 (2) 
Residue: AS4 87   0.992438 (0) 0.004921 (1) 0.000040 (1) 0.002241 (1) 0.000360 (1) 
Residue: GL4 93   0.996119 (0) 0.000800 (1) 0.000840 (1) 0.001160 (1) 0.001080 (1) 
Residue: GL4 94   0.991838 (0) 0.004561 (1) 0.000160 (1) 0.003241 (1) 0.000200 (1) 
Residue: HIP 97   0.293922 (2) 0.653223 (1) 0.052855 (1) 
Residue: LYS 99   0.981715 (3) 0.018285 (2) 
Residue: LYS 102  0.996679 (3) 0.003321 (2) 
Residue: LYS 109  0.990797 (3) 0.009203 (2) 
Residue: LYS 111  0.997839 (3) 0.002161 (2) 
Residue: LYS 114  0.994598 (3) 0.005402 (2) 
Residue: AS4 117  0.956988 (0) 0.022566 (1) 0.004201 (1) 0.012283 (1) 0.003961 (1) 
