   Residue Number     State  0     State  1     State  2     State  3     State  4 
-----------------------------------------------------------------------------------
Residue: GL4 4    0.997959 (0) 0.000400 (1) 0.000000 (1) 0.001600 (1) 0.000040 (1) 
Residue: GL4 5    0.999120 (0) 0.000440 (1) 0.000000 (1) 0.000440 (1) 0.000000 (1) 
Residue: LYS 7    0.991878 (3) 0.008122 (2) 
Residue: HIP 11   0.249710 (2) 0.626455 (1) 0.123835 (1) 
Residue: GL4 13   0.996479 (0) 0.002081 (1) 0.000000 (1) 0.001440 (1) 0.000000 (1) 
Residue: LYS 18   0.885208 (3) 0.114792 (2) 
Residue: GL4 20   0.985396 (0) 0.003361 (1) 0.000520 (1) 0.009003 (1) 0.001720 (1) 
Residue: AS4 24   1.000000 (0) 0.000000 (1) 0.000000 (1) 0.000000 (1) 0.000000 (1) 
Residue: LYS 27   0.981275 (3) 0.018725 (2) 
Residue: AS4 30   0.996959 (0) 0.000760 (1) 0.001160 (1) 0.001040 (1) 0.000080 (1) 
Residue: GL4 33   0.992758 (0) 0.003081 (1) 0.000080 (1) 0.003361 (1) 0.000720 (1) 
Residue: AS4 37   0.998920 (0) 0.000160 (1) 0.000000 (1) 0.000280 (1) 0.000640 (1) 
Residue: GL4 39   0.996639 (0) 0.001801 (1) 0.000080 (1) 0.001320 (1) 0.000160 (1) 
Residue: AS4 40   0.999840 (0) 0.000000 (1) 0.000000 (1) 0.000160 (1) 0.000000 (1) 
Residue: LYS 41   0.993238 (3) 0.006762 (2) 
Residue: LYS 42   0.997119 (3) 0.002881 (2) 
Residue: GL4 48   0.989197 (0) 0.004481 (1) 0.000640 (1) 0.005682 (1) 0.000000 (1) 
Residue: LYS 52   0.820910 (3) 0.179090 (2) 
Residue: AS4 58   1.000000 (0) 0.000000 (1) 0.000000 (1) 0.000000 (1) 0.000000 (1) 
Residue: LYS 59   0.992118 (3) 0.007882 (2) 
Residue: LYS 64   0.963990 (3) 0.036010 (2) 
Residue: LYS 69   0.981235 (3) 0.018765 (2) 
Residue: GL4 73   0.995919 (0) 0.002401 (1) 0.000160 (1) 0.001280 (1) 0.000240 (1) 
Residue: AS4 77   0.999960 (0) 0.000000 (1) 0.000000 (1) 0.000040 (1) 0.000000 (1) 
Residue: GL4 78   0.997079 (0) 0.002561 (1) 0.000040 (1) 0.000280 (1) 0.000040 (1) 
Residue: LYS 82   0.993038 (3) 0.006962 (2) 
Residue: AS4 87   0.996879 (0) 0.001520 (1) 0.000000 (1) 0.001600 (1) 0.000000 (1) 
Residue: GL4 93   0.999240 (0) 0.000240 (1) 0.000400 (1) 0.000120 (1) 0.000000 (1) 
Residue: GL4 94   0.996839 (0) 0.001841 (1) 0.000000 (1) 0.001280 (1) 0.000040 (1) 
Residue: HIP 97   0.110231 (2) 0.824631 (1) 0.065138 (1) 
Residue: LYS 99   0.926539 (3) 0.073461 (2) 
Residue: LYS 102  0.989477 (3) 0.010523 (2) 
Residue: LYS 109  0.978514 (3) 0.021486 (2) 
Residue: LYS 111  0.993158 (3) 0.006842 (2) 
Residue: LYS 114  0.987997 (3) 0.012003 (2) 
Residue: AS4 117  0.984716 (0) 0.009003 (1) 0.001841 (1) 0.002561 (1) 0.001881 (1) 
