   Residue Number     State  0     State  1     State  2     State  3     State  4 
-----------------------------------------------------------------------------------
Residue: GL4 4    0.168682 (0) 0.386634 (1) 0.029610 (1) 0.386674 (1) 0.028400 (1) 
Residue: GL4 5    0.239102 (0) 0.367564 (1) 0.019440 (1) 0.356864 (1) 0.017030 (1) 
Residue: LYS 7    0.999780 (3) 0.000220 (2) 
Residue: HIP 11   0.998470 (2) 0.001130 (1) 0.000400 (1) 
Residue: GL4 13   0.044690 (0) 0.426154 (1) 0.022070 (1) 0.478365 (1) 0.028720 (1) 
Residue: LYS 18   0.999860 (3) 0.000140 (2) 
Residue: GL4 20   0.015960 (0) 0.442834 (1) 0.044960 (1) 0.448934 (1) 0.047310 (1) 
Residue: AS4 24   0.622976 (0) 0.201392 (1) 0.004660 (1) 0.167472 (1) 0.003500 (1) 
Residue: LYS 27   0.999500 (3) 0.000500 (2) 
Residue: AS4 30   0.264213 (0) 0.351284 (1) 0.028410 (1) 0.313733 (1) 0.042360 (1) 
Residue: GL4 33   0.047240 (0) 0.368594 (1) 0.097481 (1) 0.389854 (1) 0.096831 (1) 
Residue: AS4 37   0.815938 (0) 0.087841 (1) 0.001390 (1) 0.093421 (1) 0.001410 (1) 
Residue: GL4 39   0.034740 (0) 0.451275 (1) 0.058511 (1) 0.420414 (1) 0.035060 (1) 
Residue: AS4 40   0.766128 (0) 0.102001 (1) 0.005860 (1) 0.114611 (1) 0.011400 (1) 
Residue: LYS 41   1.000000 (3) 0.000000 (2) 
Residue: LYS 42   0.999980 (3) 0.000020 (2) 
Residue: GL4 48   0.875949 (0) 0.058651 (1) 0.004710 (1) 0.054701 (1) 0.005990 (1) 
Residue: LYS 52   0.999160 (3) 0.000840 (2) 
Residue: AS4 58   0.950430 (0) 0.023110 (1) 0.000150 (1) 0.026250 (1) 0.000060 (1) 
Residue: LYS 59   1.000000 (3) 0.000000 (2) 
Residue: LYS 64   0.999980 (3) 0.000020 (2) 
Residue: LYS 69   0.999930 (3) 0.000070 (2) 
Residue: GL4 73   0.265493 (0) 0.314613 (1) 0.073221 (1) 0.304613 (1) 0.042060 (1) 
Residue: AS4 77   0.670537 (0) 0.167382 (1) 0.002700 (1) 0.157322 (1) 0.002060 (1) 
Residue: GL4 78   0.161702 (0) 0.349853 (1) 0.031000 (1) 0.423424 (1) 0.034020 (1) 
Residue: LYS 82   1.000000 (3) 0.000000 (2) 
Residue: AS4 87   0.234082 (0) 0.344393 (1) 0.042460 (1) 0.324443 (1) 0.054621 (1) 
Residue: GL4 93   0.306293 (0) 0.259113 (1) 0.105831 (1) 0.242952 (1) 0.085811 (1) 
Residue: GL4 94   0.042250 (0) 0.425904 (1) 0.054651 (1) 0.428474 (1) 0.048720 (1) 
Residue: HIP 97   0.994080 (2) 0.002830 (1) 0.003090 (1) 
Residue: LYS 99   0.996630 (3) 0.003370 (2) 
Residue: LYS 102  0.999950 (3) 0.000050 (2) 
Residue: LYS 109  0.999750 (3) 0.000250 (2) 
Residue: LYS 111  1.000000 (3) 0.000000 (2) 
Residue: LYS 114  0.999990 (3) 0.000010 (2) 
Residue: AS4 117  0.039850 (0) 0.317003 (1) 0.001360 (1) 0.625256 (1) 0.016530 (1) 
