   Residue Number     State  0     State  1     State  2     State  3     State  4 
-----------------------------------------------------------------------------------
Residue: GL4 4    0.282153 (0) 0.345343 (1) 0.022140 (1) 0.326403 (1) 0.023960 (1) 
Residue: GL4 5    0.501015 (0) 0.237792 (1) 0.012540 (1) 0.236092 (1) 0.012560 (1) 
Residue: LYS 7    0.999870 (3) 0.000130 (2) 
Residue: HIP 11   0.991160 (2) 0.006650 (1) 0.002190 (1) 
Residue: GL4 13   0.121141 (0) 0.341493 (1) 0.025620 (1) 0.460575 (1) 0.051171 (1) 
Residue: LYS 18   0.999670 (3) 0.000330 (2) 
Residue: GL4 20   0.040900 (0) 0.427894 (1) 0.043400 (1) 0.446194 (1) 0.041610 (1) 
Residue: AS4 24   0.758768 (0) 0.109031 (1) 0.002960 (1) 0.126191 (1) 0.003050 (1) 
Residue: LYS 27   0.999640 (3) 0.000360 (2) 
Residue: AS4 30   0.386864 (0) 0.275713 (1) 0.025960 (1) 0.272143 (1) 0.039320 (1) 
Residue: GL4 33   0.118891 (0) 0.364124 (1) 0.076721 (1) 0.369154 (1) 0.071111 (1) 
Residue: AS4 37   0.896199 (0) 0.049740 (1) 0.001010 (1) 0.052071 (1) 0.000980 (1) 
Residue: GL4 39   0.074611 (0) 0.402974 (1) 0.072861 (1) 0.389924 (1) 0.059631 (1) 
Residue: AS4 40   0.872349 (0) 0.054871 (1) 0.003060 (1) 0.065671 (1) 0.004050 (1) 
Residue: LYS 41   1.000000 (3) 0.000000 (2) 
Residue: LYS 42   1.000000 (3) 0.000000 (2) 
Residue: GL4 48   0.903779 (0) 0.043880 (1) 0.004210 (1) 0.043840 (1) 0.004290 (1) 
Residue: LYS 52   0.999440 (3) 0.000560 (2) 
Residue: AS4 58   0.978960 (0) 0.010340 (1) 0.000340 (1) 0.010330 (1) 0.000030 (1) 
Residue: LYS 59   1.000000 (3) 0.000000 (2) 
Residue: LYS 64   0.999940 (3) 0.000060 (2) 
Residue: LYS 69   0.999800 (3) 0.000200 (2) 
Residue: GL4 73   0.406914 (0) 0.248702 (1) 0.042410 (1) 0.262053 (1) 0.039920 (1) 
Residue: AS4 77   0.830378 (0) 0.090711 (1) 0.001680 (1) 0.075881 (1) 0.001350 (1) 
Residue: GL4 78   0.267843 (0) 0.302853 (1) 0.035390 (1) 0.353594 (1) 0.040320 (1) 
Residue: LYS 82   1.000000 (3) 0.000000 (2) 
Residue: AS4 87   0.471735 (0) 0.225812 (1) 0.030190 (1) 0.235452 (1) 0.036810 (1) 
Residue: GL4 93   0.599196 (0) 0.145051 (1) 0.066711 (1) 0.143671 (1) 0.045370 (1) 
Residue: GL4 94   0.098331 (0) 0.383444 (1) 0.076361 (1) 0.381574 (1) 0.060291 (1) 
Residue: HIP 97   0.989760 (2) 0.006440 (1) 0.003800 (1) 
Residue: LYS 99   0.998190 (3) 0.001810 (2) 
Residue: LYS 102  0.999950 (3) 0.000050 (2) 
Residue: LYS 109  0.999670 (3) 0.000330 (2) 
Residue: LYS 111  0.999990 (3) 0.000010 (2) 
Residue: LYS 114  0.999900 (3) 0.000100 (2) 
Residue: AS4 117  0.119461 (0) 0.257013 (1) 0.005720 (1) 0.578276 (1) 0.039530 (1) 
