   Residue Number     State  0     State  1     State  2     State  3     State  4 
-----------------------------------------------------------------------------------
Residue: GL4 4    0.480345 (0) 0.253123 (1) 0.015970 (1) 0.236072 (1) 0.014490 (1) 
Residue: GL4 5    0.719507 (0) 0.138591 (1) 0.007020 (1) 0.127301 (1) 0.007580 (1) 
Residue: LYS 7    0.999830 (3) 0.000170 (2) 
Residue: HIP 11   0.971590 (2) 0.023180 (1) 0.005230 (1) 
Residue: GL4 13   0.203372 (0) 0.285073 (1) 0.033640 (1) 0.435554 (1) 0.042360 (1) 
Residue: LYS 18   0.998770 (3) 0.001230 (2) 
Residue: GL4 20   0.091981 (0) 0.407604 (1) 0.036310 (1) 0.422474 (1) 0.041630 (1) 
Residue: AS4 24   0.882299 (0) 0.055621 (1) 0.001550 (1) 0.059261 (1) 0.001270 (1) 
Residue: LYS 27   0.999100 (3) 0.000900 (2) 
Residue: AS4 30   0.539655 (0) 0.198302 (1) 0.024160 (1) 0.209922 (1) 0.027960 (1) 
Residue: GL4 33   0.244212 (0) 0.322943 (1) 0.062561 (1) 0.309513 (1) 0.060771 (1) 
Residue: AS4 37   0.935369 (0) 0.032080 (1) 0.000770 (1) 0.031020 (1) 0.000760 (1) 
Residue: GL4 39   0.142321 (0) 0.331233 (1) 0.062281 (1) 0.377334 (1) 0.086831 (1) 
Residue: AS4 40   0.943629 (0) 0.023870 (1) 0.001050 (1) 0.029000 (1) 0.002450 (1) 
Residue: LYS 41   1.000000 (3) 0.000000 (2) 
Residue: LYS 42   0.999990 (3) 0.000010 (2) 
Residue: GL4 48   0.936709 (0) 0.028060 (1) 0.002600 (1) 0.031200 (1) 0.001430 (1) 
Residue: LYS 52   0.999190 (3) 0.000810 (2) 
Residue: AS4 58   0.991470 (0) 0.004060 (1) 0.000190 (1) 0.004260 (1) 0.000020 (1) 
Residue: LYS 59   0.999990 (3) 0.000010 (2) 
Residue: LYS 64   0.999940 (3) 0.000060 (2) 
Residue: LYS 69   0.999660 (3) 0.000340 (2) 
Residue: GL4 73   0.486995 (0) 0.201992 (1) 0.038360 (1) 0.238952 (1) 0.033700 (1) 
Residue: AS4 77   0.911659 (0) 0.045560 (1) 0.000760 (1) 0.041330 (1) 0.000690 (1) 
Residue: GL4 78   0.422644 (0) 0.254913 (1) 0.032940 (1) 0.258053 (1) 0.031450 (1) 
Residue: LYS 82   0.999980 (3) 0.000020 (2) 
Residue: AS4 87   0.682857 (0) 0.129951 (1) 0.026520 (1) 0.141851 (1) 0.018820 (1) 
Residue: GL4 93   0.786598 (0) 0.075031 (1) 0.038500 (1) 0.077451 (1) 0.022420 (1) 
Residue: GL4 94   0.205982 (0) 0.322883 (1) 0.085891 (1) 0.327963 (1) 0.057281 (1) 
Residue: HIP 97   0.984040 (2) 0.012640 (1) 0.003320 (1) 
Residue: LYS 99   0.998070 (3) 0.001930 (2) 
Residue: LYS 102  0.999830 (3) 0.000170 (2) 
Residue: LYS 109  0.999430 (3) 0.000570 (2) 
Residue: LYS 111  1.000000 (3) 0.000000 (2) 
Residue: LYS 114  0.999790 (3) 0.000210 (2) 
Residue: AS4 117  0.269513 (0) 0.203902 (1) 0.002710 (1) 0.498135 (1) 0.025740 (1) 
