   Residue Number     State  0     State  1     State  2     State  3     State  4 
-----------------------------------------------------------------------------------
Residue: GL4 4    0.700567 (0) 0.144501 (1) 0.010500 (1) 0.137321 (1) 0.007110 (1) 
Residue: GL4 5    0.841438 (0) 0.078461 (1) 0.004460 (1) 0.070701 (1) 0.004940 (1) 
Residue: LYS 7    0.999760 (3) 0.000240 (2) 
Residue: HIP 11   0.930729 (2) 0.057121 (1) 0.012150 (1) 
Residue: GL4 13   0.283243 (0) 0.231992 (1) 0.032140 (1) 0.413494 (1) 0.039130 (1) 
Residue: LYS 18   0.995890 (3) 0.004110 (2) 
Residue: GL4 20   0.199622 (0) 0.360854 (1) 0.033820 (1) 0.366384 (1) 0.039320 (1) 
Residue: AS4 24   0.954480 (0) 0.021910 (1) 0.000350 (1) 0.022710 (1) 0.000550 (1) 
Residue: LYS 27   0.999340 (3) 0.000660 (2) 
Residue: AS4 30   0.684677 (0) 0.137801 (1) 0.018080 (1) 0.142001 (1) 0.017440 (1) 
Residue: GL4 33   0.416494 (0) 0.254373 (1) 0.041150 (1) 0.238792 (1) 0.049190 (1) 
Residue: AS4 37   0.953310 (0) 0.023790 (1) 0.000300 (1) 0.021930 (1) 0.000670 (1) 
Residue: GL4 39   0.278513 (0) 0.263553 (1) 0.063181 (1) 0.331803 (1) 0.062951 (1) 
Residue: AS4 40   0.975620 (0) 0.009210 (1) 0.000350 (1) 0.011840 (1) 0.002980 (1) 
Residue: LYS 41   0.999950 (3) 0.000050 (2) 
Residue: LYS 42   0.999990 (3) 0.000010 (2) 
Residue: GL4 48   0.971650 (0) 0.013260 (1) 0.000850 (1) 0.013520 (1) 0.000720 (1) 
Residue: LYS 52   0.997750 (3) 0.002250 (2) 
Residue: AS4 58   0.997270 (0) 0.001280 (1) 0.000010 (1) 0.001440 (1) 0.000000 (1) 
Residue: LYS 59   0.999980 (3) 0.000020 (2) 
Residue: LYS 64   0.999850 (3) 0.000150 (2) 
Residue: LYS 69   0.999220 (3) 0.000780 (2) 
Residue: GL4 73   0.568986 (0) 0.165802 (1) 0.034950 (1) 0.198742 (1) 0.031520 (1) 
Residue: AS4 77   0.960980 (0) 0.019340 (1) 0.000420 (1) 0.018920 (1) 0.000340 (1) 
Residue: GL4 78   0.576046 (0) 0.191332 (1) 0.019910 (1) 0.185812 (1) 0.026900 (1) 
Residue: LYS 82   0.999960 (3) 0.000040 (2) 
Residue: AS4 87   0.828098 (0) 0.072191 (1) 0.011150 (1) 0.079471 (1) 0.009090 (1) 
Residue: GL4 93   0.910769 (0) 0.029300 (1) 0.011440 (1) 0.039120 (1) 0.009370 (1) 
Residue: GL4 94   0.363524 (0) 0.249582 (1) 0.085331 (1) 0.247932 (1) 0.053631 (1) 
Residue: HIP 97   0.973850 (2) 0.023290 (1) 0.002860 (1) 
Residue: LYS 99   0.997860 (3) 0.002140 (2) 
Residue: LYS 102  0.999800 (3) 0.000200 (2) 
Residue: LYS 109  0.999530 (3) 0.000470 (2) 
Residue: LYS 111  0.999980 (3) 0.000020 (2) 
Residue: LYS 114  0.999510 (3) 0.000490 (2) 
Residue: AS4 117  0.431284 (0) 0.166712 (1) 0.001020 (1) 0.386134 (1) 0.014850 (1) 
