   Residue Number     State  0     State  1     State  2     State  3     State  4 
-----------------------------------------------------------------------------------
Residue: GL4 4    0.859859 (0) 0.066621 (1) 0.004830 (1) 0.064991 (1) 0.003700 (1) 
Residue: GL4 5    0.909099 (0) 0.043770 (1) 0.003990 (1) 0.040310 (1) 0.002830 (1) 
Residue: LYS 7    0.999700 (3) 0.000300 (2) 
Residue: HIP 11   0.916899 (2) 0.067011 (1) 0.016090 (1) 
Residue: GL4 13   0.423364 (0) 0.210802 (1) 0.024950 (1) 0.311763 (1) 0.029120 (1) 
Residue: LYS 18   0.992100 (3) 0.007900 (2) 
Residue: GL4 20   0.367914 (0) 0.279163 (1) 0.027660 (1) 0.295083 (1) 0.030180 (1) 
Residue: AS4 24   0.980440 (0) 0.009540 (1) 0.000110 (1) 0.009740 (1) 0.000170 (1) 
Residue: LYS 27   0.999240 (3) 0.000760 (2) 
Residue: AS4 30   0.781758 (0) 0.089301 (1) 0.012800 (1) 0.100931 (1) 0.015210 (1) 
Residue: GL4 33   0.602706 (0) 0.168022 (1) 0.024440 (1) 0.166232 (1) 0.038600 (1) 
Residue: AS4 37   0.967710 (0) 0.017500 (1) 0.000290 (1) 0.014100 (1) 0.000400 (1) 
Residue: GL4 39   0.476215 (0) 0.182552 (1) 0.063531 (1) 0.242422 (1) 0.035280 (1) 
Residue: AS4 40   0.989090 (0) 0.005100 (1) 0.000200 (1) 0.004760 (1) 0.000850 (1) 
Residue: LYS 41   0.999810 (3) 0.000190 (2) 
Residue: LYS 42   0.999950 (3) 0.000050 (2) 
Residue: GL4 48   0.981340 (0) 0.008890 (1) 0.000260 (1) 0.008590 (1) 0.000920 (1) 
Residue: LYS 52   0.994740 (3) 0.005260 (2) 
Residue: AS4 58   0.998810 (0) 0.000510 (1) 0.000000 (1) 0.000670 (1) 0.000010 (1) 
Residue: LYS 59   0.999960 (3) 0.000040 (2) 
Residue: LYS 64   0.999530 (3) 0.000470 (2) 
Residue: LYS 69   0.999420 (3) 0.000580 (2) 
Residue: GL4 73   0.692327 (0) 0.120091 (1) 0.021580 (1) 0.138741 (1) 0.027260 (1) 
Residue: AS4 77   0.981100 (0) 0.009420 (1) 0.000090 (1) 0.009090 (1) 0.000300 (1) 
Residue: GL4 78   0.741647 (0) 0.103361 (1) 0.011070 (1) 0.124311 (1) 0.019610 (1) 
Residue: LYS 82   0.999950 (3) 0.000050 (2) 
Residue: AS4 87   0.908969 (0) 0.042890 (1) 0.005370 (1) 0.039370 (1) 0.003400 (1) 
Residue: GL4 93   0.967310 (0) 0.010330 (1) 0.005530 (1) 0.014290 (1) 0.002540 (1) 
Residue: GL4 94   0.588716 (0) 0.161712 (1) 0.051971 (1) 0.158982 (1) 0.038620 (1) 
Residue: HIP 97   0.940639 (2) 0.054151 (1) 0.005210 (1) 
Residue: LYS 99   0.997950 (3) 0.002050 (2) 
Residue: LYS 102  0.999840 (3) 0.000160 (2) 
Residue: LYS 109  0.999060 (3) 0.000940 (2) 
Residue: LYS 111  0.999980 (3) 0.000020 (2) 
Residue: LYS 114  0.999290 (3) 0.000710 (2) 
Residue: AS4 117  0.651167 (0) 0.093391 (1) 0.001040 (1) 0.247542 (1) 0.006860 (1) 
