   Residue Number     State  0     State  1     State  2     State  3     State  4 
-----------------------------------------------------------------------------------
Residue: GL4 4    0.940329 (0) 0.027810 (1) 0.001800 (1) 0.027850 (1) 0.002210 (1) 
Residue: GL4 5    0.950720 (0) 0.024130 (1) 0.002030 (1) 0.022130 (1) 0.000990 (1) 
Residue: LYS 7    0.999410 (3) 0.000590 (2) 
Residue: HIP 11   0.904189 (2) 0.075861 (1) 0.019950 (1) 
Residue: GL4 13   0.626996 (0) 0.136071 (1) 0.022000 (1) 0.195852 (1) 0.019080 (1) 
Residue: LYS 18   0.986190 (3) 0.013810 (2) 
Residue: GL4 20   0.617056 (0) 0.166622 (1) 0.018230 (1) 0.181152 (1) 0.016940 (1) 
Residue: AS4 24   0.992800 (0) 0.003160 (1) 0.000060 (1) 0.003850 (1) 0.000130 (1) 
Residue: LYS 27   0.998480 (3) 0.001520 (2) 
Residue: AS4 30   0.877549 (0) 0.051241 (1) 0.006780 (1) 0.057881 (1) 0.006550 (1) 
Residue: GL4 33   0.770808 (0) 0.094521 (1) 0.014850 (1) 0.098951 (1) 0.020870 (1) 
Residue: AS4 37   0.979210 (0) 0.011760 (1) 0.000300 (1) 0.008290 (1) 0.000440 (1) 
Residue: GL4 39   0.694617 (0) 0.109681 (1) 0.046670 (1) 0.132531 (1) 0.016500 (1) 
Residue: AS4 40   0.993820 (0) 0.003120 (1) 0.000180 (1) 0.002610 (1) 0.000270 (1) 
Residue: LYS 41   0.999660 (3) 0.000340 (2) 
Residue: LYS 42   0.999880 (3) 0.000120 (2) 
Residue: GL4 48   0.987320 (0) 0.004700 (1) 0.000110 (1) 0.007090 (1) 0.000780 (1) 
Residue: LYS 52   0.990800 (3) 0.009200 (2) 
Residue: AS4 58   0.999320 (0) 0.000260 (1) 0.000000 (1) 0.000420 (1) 0.000000 (1) 
Residue: LYS 59   0.999890 (3) 0.000110 (2) 
Residue: LYS 64   0.998810 (3) 0.001190 (2) 
Residue: LYS 69   0.998960 (3) 0.001040 (2) 
Residue: GL4 73   0.797748 (0) 0.079201 (1) 0.014080 (1) 0.084461 (1) 0.024510 (1) 
Residue: AS4 77   0.992020 (0) 0.003110 (1) 0.000050 (1) 0.004730 (1) 0.000090 (1) 
Residue: GL4 78   0.885099 (0) 0.038680 (1) 0.003940 (1) 0.060511 (1) 0.011770 (1) 
Residue: LYS 82   0.999850 (3) 0.000150 (2) 
Residue: AS4 87   0.950940 (0) 0.023990 (1) 0.002340 (1) 0.021170 (1) 0.001560 (1) 
Residue: GL4 93   0.985110 (0) 0.004810 (1) 0.003930 (1) 0.004590 (1) 0.001560 (1) 
Residue: GL4 94   0.788358 (0) 0.082851 (1) 0.022250 (1) 0.082971 (1) 0.023570 (1) 
Residue: HIP 97   0.868639 (2) 0.121791 (1) 0.009570 (1) 
Residue: LYS 99   0.996860 (3) 0.003140 (2) 
Residue: LYS 102  0.999740 (3) 0.000260 (2) 
Residue: LYS 109  0.998610 (3) 0.001390 (2) 
Residue: LYS 111  0.999780 (3) 0.000220 (2) 
Residue: LYS 114  0.999000 (3) 0.001000 (2) 
Residue: AS4 117  0.818838 (0) 0.031760 (1) 0.000710 (1) 0.145631 (1) 0.003060 (1) 
