   Residue Number     State  0     State  1     State  2     State  3     State  4 
-----------------------------------------------------------------------------------
Residue: GL4 4    0.974030 (0) 0.011840 (1) 0.000690 (1) 0.012530 (1) 0.000910 (1) 
Residue: GL4 5    0.975210 (0) 0.012080 (1) 0.001360 (1) 0.010770 (1) 0.000580 (1) 
Residue: LYS 7    0.998800 (3) 0.001200 (2) 
Residue: HIP 11   0.834108 (2) 0.136971 (1) 0.028920 (1) 
Residue: GL4 13   0.802778 (0) 0.072911 (1) 0.012640 (1) 0.098331 (1) 0.013340 (1) 
Residue: LYS 18   0.975590 (3) 0.024410 (2) 
Residue: GL4 20   0.819198 (0) 0.079781 (1) 0.009240 (1) 0.085851 (1) 0.005930 (1) 
Residue: AS4 24   0.996900 (0) 0.001470 (1) 0.000010 (1) 0.001550 (1) 0.000070 (1) 
Residue: LYS 27   0.997080 (3) 0.002920 (2) 
Residue: AS4 30   0.955610 (0) 0.019480 (1) 0.003180 (1) 0.019590 (1) 0.002140 (1) 
Residue: GL4 33   0.878829 (0) 0.051081 (1) 0.007800 (1) 0.050241 (1) 0.012050 (1) 
Residue: AS4 37   0.989030 (0) 0.005650 (1) 0.000340 (1) 0.004200 (1) 0.000780 (1) 
Residue: GL4 39   0.865599 (0) 0.045880 (1) 0.019350 (1) 0.062641 (1) 0.006530 (1) 
Residue: AS4 40   0.996930 (0) 0.001940 (1) 0.000180 (1) 0.000920 (1) 0.000030 (1) 
Residue: LYS 41   0.999210 (3) 0.000790 (2) 
Residue: LYS 42   0.999730 (3) 0.000270 (2) 
Residue: GL4 48   0.990540 (0) 0.003500 (1) 0.000080 (1) 0.005320 (1) 0.000560 (1) 
Residue: LYS 52   0.981010 (3) 0.018990 (2) 
Residue: AS4 58   0.999790 (0) 0.000110 (1) 0.000000 (1) 0.000100 (1) 0.000000 (1) 
Residue: LYS 59   0.999590 (3) 0.000410 (2) 
Residue: LYS 64   0.997860 (3) 0.002140 (2) 
Residue: LYS 69   0.997940 (3) 0.002060 (2) 
Residue: GL4 73   0.892619 (0) 0.039160 (1) 0.006680 (1) 0.048450 (1) 0.013090 (1) 
Residue: AS4 77   0.996710 (0) 0.000940 (1) 0.000050 (1) 0.002280 (1) 0.000020 (1) 
Residue: GL4 78   0.957100 (0) 0.013620 (1) 0.002770 (1) 0.021980 (1) 0.004530 (1) 
Residue: LYS 82   0.999780 (3) 0.000220 (2) 
Residue: AS4 87   0.975400 (0) 0.011010 (1) 0.000850 (1) 0.011490 (1) 0.001250 (1) 
Residue: GL4 93   0.991580 (0) 0.002280 (1) 0.003370 (1) 0.002370 (1) 0.000400 (1) 
Residue: GL4 94   0.908909 (0) 0.035050 (1) 0.010510 (1) 0.034960 (1) 0.010570 (1) 
Residue: HIP 97   0.727157 (2) 0.251383 (1) 0.021460 (1) 
Residue: LYS 99   0.994000 (3) 0.006000 (2) 
Residue: LYS 102  0.999220 (3) 0.000780 (2) 
Residue: LYS 109  0.997920 (3) 0.002080 (2) 
Residue: LYS 111  0.999730 (3) 0.000270 (2) 
Residue: LYS 114  0.997550 (3) 0.002450 (2) 
Residue: AS4 117  0.908959 (0) 0.012780 (1) 0.000750 (1) 0.076011 (1) 0.001500 (1) 
