   Residue Number     State  0     State  1     State  2     State  3     State  4 
-----------------------------------------------------------------------------------
Residue: GL4 4    0.990510 (0) 0.004300 (1) 0.000240 (1) 0.004610 (1) 0.000340 (1) 
Residue: GL4 5    0.990780 (0) 0.004610 (1) 0.000680 (1) 0.003740 (1) 0.000190 (1) 
Residue: LYS 7    0.996970 (3) 0.003030 (2) 
Residue: HIP 11   0.679127 (2) 0.279853 (1) 0.041020 (1) 
Residue: GL4 13   0.908819 (0) 0.035860 (1) 0.006150 (1) 0.043480 (1) 0.005690 (1) 
Residue: LYS 18   0.954750 (3) 0.045250 (2) 
Residue: GL4 20   0.931279 (0) 0.029690 (1) 0.003920 (1) 0.032740 (1) 0.002370 (1) 
Residue: AS4 24   0.998730 (0) 0.000590 (1) 0.000010 (1) 0.000670 (1) 0.000000 (1) 
Residue: LYS 27   0.995230 (3) 0.004770 (2) 
Residue: AS4 30   0.984500 (0) 0.006850 (1) 0.000730 (1) 0.007200 (1) 0.000720 (1) 
Residue: GL4 33   0.943919 (0) 0.024980 (1) 0.002870 (1) 0.023550 (1) 0.004680 (1) 
Residue: AS4 37   0.995780 (0) 0.001760 (1) 0.000490 (1) 0.001280 (1) 0.000690 (1) 
Residue: GL4 39   0.948339 (0) 0.018060 (1) 0.005590 (1) 0.024950 (1) 0.003060 (1) 
Residue: AS4 40   0.999190 (0) 0.000510 (1) 0.000090 (1) 0.000210 (1) 0.000000 (1) 
Residue: LYS 41   0.998900 (3) 0.001100 (2) 
Residue: LYS 42   0.999550 (3) 0.000450 (2) 
Residue: GL4 48   0.991840 (0) 0.003100 (1) 0.000060 (1) 0.004400 (1) 0.000600 (1) 
Residue: LYS 52   0.954870 (3) 0.045130 (2) 
Residue: AS4 58   0.999960 (0) 0.000000 (1) 0.000000 (1) 0.000040 (1) 0.000000 (1) 
Residue: LYS 59   0.999050 (3) 0.000950 (2) 
Residue: LYS 64   0.995960 (3) 0.004040 (2) 
Residue: LYS 69   0.995720 (3) 0.004280 (2) 
Residue: GL4 73   0.951240 (0) 0.018670 (1) 0.003040 (1) 0.022660 (1) 0.004390 (1) 
Residue: AS4 77   0.998340 (0) 0.000410 (1) 0.000000 (1) 0.001250 (1) 0.000000 (1) 
Residue: GL4 78   0.981610 (0) 0.005030 (1) 0.002660 (1) 0.008130 (1) 0.002570 (1) 
Residue: LYS 82   0.999170 (3) 0.000830 (2) 
Residue: AS4 87   0.987500 (0) 0.005850 (1) 0.000360 (1) 0.005670 (1) 0.000620 (1) 
Residue: GL4 93   0.995950 (0) 0.001190 (1) 0.001780 (1) 0.000970 (1) 0.000110 (1) 
Residue: GL4 94   0.967260 (0) 0.011990 (1) 0.003360 (1) 0.013910 (1) 0.003480 (1) 
Residue: HIP 97   0.492995 (2) 0.466675 (1) 0.040330 (1) 
Residue: LYS 99   0.986470 (3) 0.013530 (2) 
Residue: LYS 102  0.998500 (3) 0.001500 (2) 
Residue: LYS 109  0.996200 (3) 0.003800 (2) 
Residue: LYS 111  0.999380 (3) 0.000620 (2) 
Residue: LYS 114  0.996430 (3) 0.003570 (2) 
Residue: AS4 117  0.956620 (0) 0.007900 (1) 0.000480 (1) 0.034310 (1) 0.000690 (1) 
