   Residue Number     State  0     State  1     State  2     State  3     State  4 
-----------------------------------------------------------------------------------
Residue: GL4 4    0.995850 (0) 0.001890 (1) 0.000130 (1) 0.002020 (1) 0.000110 (1) 
Residue: GL4 5    0.997000 (0) 0.001490 (1) 0.000170 (1) 0.001230 (1) 0.000110 (1) 
Residue: LYS 7    0.993060 (3) 0.006940 (2) 
Residue: HIP 11   0.401474 (2) 0.536825 (1) 0.061701 (1) 
Residue: GL4 13   0.961100 (0) 0.015450 (1) 0.002180 (1) 0.019220 (1) 0.002050 (1) 
Residue: LYS 18   0.939669 (3) 0.060331 (2) 
Residue: GL4 20   0.978240 (0) 0.009810 (1) 0.001050 (1) 0.009980 (1) 0.000920 (1) 
Residue: AS4 24   0.999610 (0) 0.000280 (1) 0.000000 (1) 0.000110 (1) 0.000000 (1) 
Residue: LYS 27   0.990530 (3) 0.009470 (2) 
Residue: AS4 30   0.996260 (0) 0.001680 (1) 0.000130 (1) 0.001820 (1) 0.000110 (1) 
Residue: GL4 33   0.975430 (0) 0.011470 (1) 0.000980 (1) 0.010700 (1) 0.001420 (1) 
Residue: AS4 37   0.998450 (0) 0.000370 (1) 0.000640 (1) 0.000320 (1) 0.000220 (1) 
Residue: GL4 39   0.982920 (0) 0.007130 (1) 0.001470 (1) 0.007470 (1) 0.001010 (1) 
Residue: AS4 40   0.999580 (0) 0.000100 (1) 0.000220 (1) 0.000100 (1) 0.000000 (1) 
Residue: LYS 41   0.997200 (3) 0.002800 (2) 
Residue: LYS 42   0.998820 (3) 0.001180 (2) 
Residue: GL4 48   0.993860 (0) 0.002650 (1) 0.000210 (1) 0.002240 (1) 0.001040 (1) 
Residue: LYS 52   0.894899 (3) 0.105101 (2) 
Residue: AS4 58   1.000000 (0) 0.000000 (1) 0.000000 (1) 0.000000 (1) 0.000000 (1) 
Residue: LYS 59   0.997050 (3) 0.002950 (2) 
Residue: LYS 64   0.988410 (3) 0.011590 (2) 
Residue: LYS 69   0.990250 (3) 0.009750 (2) 
Residue: GL4 73   0.976030 (0) 0.008710 (1) 0.001360 (1) 0.012020 (1) 0.001880 (1) 
Residue: AS4 77   0.999230 (0) 0.000280 (1) 0.000000 (1) 0.000490 (1) 0.000000 (1) 
Residue: GL4 78   0.990420 (0) 0.001740 (1) 0.002390 (1) 0.004140 (1) 0.001310 (1) 
Residue: LYS 82   0.997140 (3) 0.002860 (2) 
Residue: AS4 87   0.992800 (0) 0.003680 (1) 0.000090 (1) 0.003290 (1) 0.000140 (1) 
Residue: GL4 93   0.998280 (0) 0.000480 (1) 0.000790 (1) 0.000410 (1) 0.000040 (1) 
Residue: GL4 94   0.989850 (0) 0.003610 (1) 0.000950 (1) 0.004670 (1) 0.000920 (1) 
Residue: HIP 97   0.236882 (2) 0.700567 (1) 0.062551 (1) 
Residue: LYS 99   0.974610 (3) 0.025390 (2) 
Residue: LYS 102  0.996370 (3) 0.003630 (2) 
Residue: LYS 109  0.992220 (3) 0.007780 (2) 
Residue: LYS 111  0.998370 (3) 0.001630 (2) 
Residue: LYS 114  0.994760 (3) 0.005240 (2) 
Residue: AS4 117  0.976780 (0) 0.005950 (1) 0.000220 (1) 0.016550 (1) 0.000500 (1) 
