   Residue Number     State  0     State  1     State  2     State  3     State  4 
-----------------------------------------------------------------------------------
Residue: GL4 4    0.998580 (0) 0.000590 (1) 0.000030 (1) 0.000740 (1) 0.000060 (1) 
Residue: GL4 5    0.999030 (0) 0.000470 (1) 0.000130 (1) 0.000340 (1) 0.000030 (1) 
Residue: LYS 7    0.988710 (3) 0.011290 (2) 
Residue: HIP 11   0.197762 (2) 0.715027 (1) 0.087211 (1) 
Residue: GL4 13   0.984490 (0) 0.005800 (1) 0.001220 (1) 0.007810 (1) 0.000680 (1) 
Residue: LYS 18   0.919749 (3) 0.080251 (2) 
Residue: GL4 20   0.991910 (0) 0.003590 (1) 0.000290 (1) 0.003780 (1) 0.000430 (1) 
Residue: AS4 24   0.999750 (0) 0.000190 (1) 0.000000 (1) 0.000060 (1) 0.000000 (1) 
Residue: LYS 27   0.980950 (3) 0.019050 (2) 
Residue: AS4 30   0.998790 (0) 0.000580 (1) 0.000020 (1) 0.000580 (1) 0.000030 (1) 
Residue: GL4 33   0.991380 (0) 0.003870 (1) 0.000470 (1) 0.003940 (1) 0.000340 (1) 
Residue: AS4 37   0.999090 (0) 0.000010 (1) 0.000500 (1) 0.000210 (1) 0.000190 (1) 
Residue: GL4 39   0.993570 (0) 0.003470 (1) 0.000500 (1) 0.002290 (1) 0.000170 (1) 
Residue: AS4 40   0.999720 (0) 0.000040 (1) 0.000220 (1) 0.000020 (1) 0.000000 (1) 
Residue: LYS 41   0.993710 (3) 0.006290 (2) 
Residue: LYS 42   0.996200 (3) 0.003800 (2) 
Residue: GL4 48   0.995000 (0) 0.002700 (1) 0.000210 (1) 0.001180 (1) 0.000910 (1) 
Residue: LYS 52   0.777818 (3) 0.222182 (2) 
Residue: AS4 58   1.000000 (0) 0.000000 (1) 0.000000 (1) 0.000000 (1) 0.000000 (1) 
Residue: LYS 59   0.989470 (3) 0.010530 (2) 
Residue: LYS 64   0.969430 (3) 0.030570 (2) 
Residue: LYS 69   0.978930 (3) 0.021070 (2) 
Residue: GL4 73   0.988490 (0) 0.004490 (1) 0.000550 (1) 0.005420 (1) 0.001050 (1) 
Residue: AS4 77   0.999770 (0) 0.000160 (1) 0.000000 (1) 0.000070 (1) 0.000000 (1) 
Residue: GL4 78   0.995510 (0) 0.000630 (1) 0.001270 (1) 0.002150 (1) 0.000440 (1) 
Residue: LYS 82   0.991460 (3) 0.008540 (2) 
Residue: AS4 87   0.995460 (0) 0.002420 (1) 0.000040 (1) 0.002060 (1) 0.000020 (1) 
Residue: GL4 93   0.999460 (0) 0.000170 (1) 0.000250 (1) 0.000120 (1) 0.000000 (1) 
Residue: GL4 94   0.996680 (0) 0.001100 (1) 0.000280 (1) 0.001720 (1) 0.000220 (1) 
Residue: HIP 97   0.091661 (2) 0.822648 (1) 0.085691 (1) 
Residue: LYS 99   0.950880 (3) 0.049120 (2) 
Residue: LYS 102  0.988240 (3) 0.011760 (2) 
Residue: LYS 109  0.983810 (3) 0.016190 (2) 
Residue: LYS 111  0.996450 (3) 0.003550 (2) 
Residue: LYS 114  0.989890 (3) 0.010110 (2) 
Residue: AS4 117  0.987510 (0) 0.004820 (1) 0.000210 (1) 0.007130 (1) 0.000330 (1) 
