   Residue Number     State  0     State  1     State  2     State  3     State  4 
-----------------------------------------------------------------------------------
Residue: GL4 4    0.176902 (0) 0.406634 (1) 0.030140 (1) 0.358274 (1) 0.028050 (1) 
Residue: GL4 5    0.276583 (0) 0.312923 (1) 0.034770 (1) 0.317393 (1) 0.058331 (1) 
Residue: LYS 7    0.999980 (3) 0.000020 (2) 
Residue: HIP 11   0.992080 (2) 0.006870 (1) 0.001050 (1) 
Residue: GL4 13   0.014610 (0) 0.289963 (1) 0.241982 (1) 0.239292 (1) 0.214152 (1) 
Residue: LYS 18   0.999850 (3) 0.000150 (2) 
Residue: GL4 20   0.014700 (0) 0.442124 (1) 0.047480 (1) 0.450135 (1) 0.045560 (1) 
Residue: AS4 24   0.634036 (0) 0.184872 (1) 0.004490 (1) 0.171572 (1) 0.005030 (1) 
Residue: LYS 27   0.999450 (3) 0.000550 (2) 
Residue: AS4 30   0.297403 (0) 0.292663 (1) 0.036240 (1) 0.355674 (1) 0.018020 (1) 
Residue: GL4 33   0.071131 (0) 0.417414 (1) 0.052281 (1) 0.402524 (1) 0.056651 (1) 
Residue: AS4 37   0.751478 (0) 0.126971 (1) 0.002600 (1) 0.116081 (1) 0.002870 (1) 
Residue: GL4 39   0.045030 (0) 0.389044 (1) 0.108431 (1) 0.387754 (1) 0.069741 (1) 
Residue: AS4 40   0.792358 (0) 0.108111 (1) 0.005600 (1) 0.089901 (1) 0.004030 (1) 
Residue: LYS 41   1.000000 (3) 0.000000 (2) 
Residue: LYS 42   1.000000 (3) 0.000000 (2) 
Residue: GL4 48   0.714317 (0) 0.141521 (1) 0.021550 (1) 0.111441 (1) 0.011170 (1) 
Residue: LYS 52   0.999250 (3) 0.000750 (2) 
Residue: AS4 58   0.965340 (0) 0.017280 (1) 0.000090 (1) 0.017180 (1) 0.000110 (1) 
Residue: LYS 59   0.999960 (3) 0.000040 (2) 
Residue: LYS 64   0.999960 (3) 0.000040 (2) 
Residue: LYS 69   0.999920 (3) 0.000080 (2) 
Residue: GL4 73   0.216132 (0) 0.325703 (1) 0.031840 (1) 0.386664 (1) 0.039660 (1) 
Residue: AS4 77   0.684367 (0) 0.160122 (1) 0.003440 (1) 0.148831 (1) 0.003240 (1) 
Residue: GL4 78   0.257363 (0) 0.306723 (1) 0.056751 (1) 0.339173 (1) 0.039990 (1) 
Residue: LYS 82   1.000000 (3) 0.000000 (2) 
Residue: AS4 87   0.153592 (0) 0.348113 (1) 0.087791 (1) 0.352534 (1) 0.057971 (1) 
Residue: GL4 93   0.569866 (0) 0.207132 (1) 0.024360 (1) 0.163092 (1) 0.035550 (1) 
Residue: GL4 94   0.035290 (0) 0.390674 (1) 0.053561 (1) 0.378734 (1) 0.141741 (1) 
Residue: HIP 97   0.993110 (2) 0.005580 (1) 0.001310 (1) 
Residue: LYS 99   0.999730 (3) 0.000270 (2) 
Residue: LYS 102  1.000000 (3) 0.000000 (2) 
Residue: LYS 109  0.998650 (3) 0.001350 (2) 
Residue: LYS 111  1.000000 (3) 0.000000 (2) 
Residue: LYS 114  1.000000 (3) 0.000000 (2) 
Residue: AS4 117  0.149331 (0) 0.421564 (1) 0.196372 (1) 0.229462 (1) 0.003270 (1) 
