   Residue Number     State  0     State  1     State  2     State  3     State  4 
-----------------------------------------------------------------------------------
Residue: GL4 4    0.269503 (0) 0.355824 (1) 0.025030 (1) 0.326123 (1) 0.023520 (1) 
Residue: GL4 5    0.499045 (0) 0.215632 (1) 0.028840 (1) 0.222922 (1) 0.033560 (1) 
Residue: LYS 7    0.999860 (3) 0.000140 (2) 
Residue: HIP 11   0.984660 (2) 0.012920 (1) 0.002420 (1) 
Residue: GL4 13   0.038320 (0) 0.271113 (1) 0.244042 (1) 0.232732 (1) 0.213792 (1) 
Residue: LYS 18   0.999750 (3) 0.000250 (2) 
Residue: GL4 20   0.036760 (0) 0.442944 (1) 0.037940 (1) 0.446914 (1) 0.035440 (1) 
Residue: AS4 24   0.807788 (0) 0.098951 (1) 0.002340 (1) 0.088841 (1) 0.002080 (1) 
Residue: LYS 27   0.999560 (3) 0.000440 (2) 
Residue: AS4 30   0.421234 (0) 0.250103 (1) 0.023980 (1) 0.287053 (1) 0.017630 (1) 
Residue: GL4 33   0.131441 (0) 0.386164 (1) 0.048020 (1) 0.377884 (1) 0.056491 (1) 
Residue: AS4 37   0.864479 (0) 0.068131 (1) 0.001150 (1) 0.064801 (1) 0.001440 (1) 
Residue: GL4 39   0.079971 (0) 0.359224 (1) 0.116721 (1) 0.365184 (1) 0.078901 (1) 
Residue: AS4 40   0.878149 (0) 0.063351 (1) 0.003970 (1) 0.053181 (1) 0.001350 (1) 
Residue: LYS 41   0.999990 (3) 0.000010 (2) 
Residue: LYS 42   0.999990 (3) 0.000010 (2) 
Residue: GL4 48   0.863539 (0) 0.064501 (1) 0.013880 (1) 0.053901 (1) 0.004180 (1) 
Residue: LYS 52   0.998540 (3) 0.001460 (2) 
Residue: AS4 58   0.988250 (0) 0.006470 (1) 0.000010 (1) 0.005220 (1) 0.000050 (1) 
Residue: LYS 59   0.999880 (3) 0.000120 (2) 
Residue: LYS 64   0.999930 (3) 0.000070 (2) 
Residue: LYS 69   0.999440 (3) 0.000560 (2) 
Residue: GL4 73   0.326413 (0) 0.289023 (1) 0.028330 (1) 0.326353 (1) 0.029880 (1) 
Residue: AS4 77   0.812788 (0) 0.091701 (1) 0.001970 (1) 0.090971 (1) 0.002570 (1) 
Residue: GL4 78   0.380774 (0) 0.249402 (1) 0.044140 (1) 0.267043 (1) 0.058641 (1) 
Residue: LYS 82   1.000000 (3) 0.000000 (2) 
Residue: AS4 87   0.299913 (0) 0.292573 (1) 0.069571 (1) 0.291383 (1) 0.046560 (1) 
Residue: GL4 93   0.735007 (0) 0.125181 (1) 0.014230 (1) 0.105851 (1) 0.019730 (1) 
Residue: GL4 94   0.079961 (0) 0.378924 (1) 0.052661 (1) 0.376254 (1) 0.112201 (1) 
Residue: HIP 97   0.988590 (2) 0.009280 (1) 0.002130 (1) 
Residue: LYS 99   0.999770 (3) 0.000230 (2) 
Residue: LYS 102  0.999950 (3) 0.000050 (2) 
Residue: LYS 109  0.998470 (3) 0.001530 (2) 
Residue: LYS 111  0.999990 (3) 0.000010 (2) 
Residue: LYS 114  0.999980 (3) 0.000020 (2) 
Residue: AS4 117  0.269893 (0) 0.381504 (1) 0.124501 (1) 0.220552 (1) 0.003550 (1) 
