   Residue Number     State  0     State  1     State  2     State  3     State  4 
-----------------------------------------------------------------------------------
Residue: GL4 4    0.441614 (0) 0.268433 (1) 0.018130 (1) 0.254053 (1) 0.017770 (1) 
Residue: GL4 5    0.665467 (0) 0.147171 (1) 0.023870 (1) 0.145041 (1) 0.018450 (1) 
Residue: LYS 7    0.999630 (3) 0.000370 (2) 
Residue: HIP 11   0.970180 (2) 0.024480 (1) 0.005340 (1) 
Residue: GL4 13   0.077551 (0) 0.279263 (1) 0.192942 (1) 0.240302 (1) 0.209942 (1) 
Residue: LYS 18   0.999330 (3) 0.000670 (2) 
Residue: GL4 20   0.087811 (0) 0.412094 (1) 0.034790 (1) 0.430654 (1) 0.034650 (1) 
Residue: AS4 24   0.915489 (0) 0.044080 (1) 0.000770 (1) 0.038690 (1) 0.000970 (1) 
Residue: LYS 27   0.999620 (3) 0.000380 (2) 
Residue: AS4 30   0.619656 (0) 0.155892 (1) 0.015700 (1) 0.196582 (1) 0.012170 (1) 
Residue: GL4 33   0.221912 (0) 0.335833 (1) 0.045670 (1) 0.336933 (1) 0.059651 (1) 
Residue: AS4 37   0.922279 (0) 0.036030 (1) 0.000690 (1) 0.040330 (1) 0.000670 (1) 
Residue: GL4 39   0.149951 (0) 0.310353 (1) 0.121541 (1) 0.321923 (1) 0.096231 (1) 
Residue: AS4 40   0.935259 (0) 0.031340 (1) 0.000990 (1) 0.031520 (1) 0.000890 (1) 
Residue: LYS 41   0.999970 (3) 0.000030 (2) 
Residue: LYS 42   1.000000 (3) 0.000000 (2) 
Residue: GL4 48   0.931969 (0) 0.030830 (1) 0.004310 (1) 0.030120 (1) 0.002770 (1) 
Residue: LYS 52   0.998080 (3) 0.001920 (2) 
Residue: AS4 58   0.995270 (0) 0.002880 (1) 0.000000 (1) 0.001850 (1) 0.000000 (1) 
Residue: LYS 59   0.999990 (3) 0.000010 (2) 
Residue: LYS 64   0.999860 (3) 0.000140 (2) 
Residue: LYS 69   0.999080 (3) 0.000920 (2) 
Residue: GL4 73   0.438564 (0) 0.255013 (1) 0.023740 (1) 0.255983 (1) 0.026700 (1) 
Residue: AS4 77   0.902529 (0) 0.044680 (1) 0.000910 (1) 0.050461 (1) 0.001420 (1) 
Residue: GL4 78   0.472745 (0) 0.217782 (1) 0.033780 (1) 0.209102 (1) 0.066591 (1) 
Residue: LYS 82   0.999980 (3) 0.000020 (2) 
Residue: AS4 87   0.522185 (0) 0.205992 (1) 0.037310 (1) 0.208002 (1) 0.026510 (1) 
Residue: GL4 93   0.849838 (0) 0.071531 (1) 0.008510 (1) 0.061991 (1) 0.008130 (1) 
Residue: GL4 94   0.183732 (0) 0.341013 (1) 0.060911 (1) 0.339303 (1) 0.075041 (1) 
Residue: HIP 97   0.979590 (2) 0.018070 (1) 0.002340 (1) 
Residue: LYS 99   0.999800 (3) 0.000200 (2) 
Residue: LYS 102  0.999850 (3) 0.000150 (2) 
Residue: LYS 109  0.997570 (3) 0.002430 (2) 
Residue: LYS 111  1.000000 (3) 0.000000 (2) 
Residue: LYS 114  0.999900 (3) 0.000100 (2) 
Residue: AS4 117  0.455585 (0) 0.266713 (1) 0.076491 (1) 0.197072 (1) 0.004140 (1) 
