   Residue Number     State  0     State  1     State  2     State  3     State  4 
-----------------------------------------------------------------------------------
Residue: GL4 4    0.653327 (0) 0.167902 (1) 0.012310 (1) 0.156552 (1) 0.009910 (1) 
Residue: GL4 5    0.800738 (0) 0.086321 (1) 0.014200 (1) 0.083211 (1) 0.015530 (1) 
Residue: LYS 7    0.999410 (3) 0.000590 (2) 
Residue: HIP 11   0.942879 (2) 0.047470 (1) 0.009650 (1) 
Residue: GL4 13   0.139971 (0) 0.285853 (1) 0.151032 (1) 0.264473 (1) 0.158672 (1) 
Residue: LYS 18   0.998350 (3) 0.001650 (2) 
Residue: GL4 20   0.195332 (0) 0.352874 (1) 0.030790 (1) 0.389274 (1) 0.031730 (1) 
Residue: AS4 24   0.964960 (0) 0.018600 (1) 0.000400 (1) 0.015660 (1) 0.000380 (1) 
Residue: LYS 27   0.999520 (3) 0.000480 (2) 
Residue: AS4 30   0.751068 (0) 0.099671 (1) 0.009840 (1) 0.132211 (1) 0.007210 (1) 
Residue: GL4 33   0.357774 (0) 0.276323 (1) 0.033850 (1) 0.278243 (1) 0.053811 (1) 
Residue: AS4 37   0.950290 (0) 0.021800 (1) 0.000390 (1) 0.027310 (1) 0.000210 (1) 
Residue: GL4 39   0.277813 (0) 0.250563 (1) 0.111181 (1) 0.269373 (1) 0.091071 (1) 
Residue: AS4 40   0.971200 (0) 0.014010 (1) 0.000790 (1) 0.012920 (1) 0.001080 (1) 
Residue: LYS 41   0.999970 (3) 0.000030 (2) 
Residue: LYS 42   0.999970 (3) 0.000030 (2) 
Residue: GL4 48   0.966530 (0) 0.015870 (1) 0.000930 (1) 0.015210 (1) 0.001460 (1) 
Residue: LYS 52   0.995970 (3) 0.004030 (2) 
Residue: AS4 58   0.997970 (0) 0.001020 (1) 0.000000 (1) 0.001010 (1) 0.000000 (1) 
Residue: LYS 59   0.999970 (3) 0.000030 (2) 
Residue: LYS 64   0.999600 (3) 0.000400 (2) 
Residue: LYS 69   0.999180 (3) 0.000820 (2) 
Residue: GL4 73   0.551826 (0) 0.202292 (1) 0.028150 (1) 0.195932 (1) 0.021800 (1) 
Residue: AS4 77   0.955120 (0) 0.020300 (1) 0.000360 (1) 0.023760 (1) 0.000460 (1) 
Residue: GL4 78   0.587616 (0) 0.182952 (1) 0.026800 (1) 0.150822 (1) 0.051811 (1) 
Residue: LYS 82   1.000000 (3) 0.000000 (2) 
Residue: AS4 87   0.726067 (0) 0.118001 (1) 0.019670 (1) 0.121711 (1) 0.014550 (1) 
Residue: GL4 93   0.922749 (0) 0.034720 (1) 0.007240 (1) 0.033180 (1) 0.002110 (1) 
Residue: GL4 94   0.371144 (0) 0.264553 (1) 0.044960 (1) 0.262433 (1) 0.056911 (1) 
Residue: HIP 97   0.972800 (2) 0.023010 (1) 0.004190 (1) 
Residue: LYS 99   0.999600 (3) 0.000400 (2) 
Residue: LYS 102  0.999880 (3) 0.000120 (2) 
Residue: LYS 109  0.998160 (3) 0.001840 (2) 
Residue: LYS 111  0.999980 (3) 0.000020 (2) 
Residue: LYS 114  0.999840 (3) 0.000160 (2) 
Residue: AS4 117  0.661987 (0) 0.168832 (1) 0.036480 (1) 0.130641 (1) 0.002060 (1) 
