   Residue Number     State  0     State  1     State  2     State  3     State  4 
-----------------------------------------------------------------------------------
Residue: GL4 4    0.824928 (0) 0.079681 (1) 0.005920 (1) 0.083621 (1) 0.005850 (1) 
Residue: GL4 5    0.899619 (0) 0.043730 (1) 0.005340 (1) 0.041850 (1) 0.009460 (1) 
Residue: LYS 7    0.999210 (3) 0.000790 (2) 
Residue: HIP 11   0.907799 (2) 0.078321 (1) 0.013880 (1) 
Residue: GL4 13   0.286713 (0) 0.245182 (1) 0.084991 (1) 0.278153 (1) 0.104961 (1) 
Residue: LYS 18   0.995980 (3) 0.004020 (2) 
Residue: GL4 20   0.373104 (0) 0.259063 (1) 0.022130 (1) 0.321543 (1) 0.024160 (1) 
Residue: AS4 24   0.984330 (0) 0.008110 (1) 0.000150 (1) 0.007310 (1) 0.000100 (1) 
Residue: LYS 27   0.998940 (3) 0.001060 (2) 
Residue: AS4 30   0.830638 (0) 0.066591 (1) 0.006510 (1) 0.090831 (1) 0.005430 (1) 
Residue: GL4 33   0.531175 (0) 0.204182 (1) 0.023920 (1) 0.204732 (1) 0.035990 (1) 
Residue: AS4 37   0.966360 (0) 0.016760 (1) 0.000340 (1) 0.016290 (1) 0.000250 (1) 
Residue: GL4 39   0.492515 (0) 0.180082 (1) 0.075261 (1) 0.191192 (1) 0.060951 (1) 
Residue: AS4 40   0.984800 (0) 0.006440 (1) 0.001650 (1) 0.006440 (1) 0.000670 (1) 
Residue: LYS 41   0.999930 (3) 0.000070 (2) 
Residue: LYS 42   0.999950 (3) 0.000050 (2) 
Residue: GL4 48   0.970590 (0) 0.013830 (1) 0.000550 (1) 0.014080 (1) 0.000950 (1) 
Residue: LYS 52   0.989870 (3) 0.010130 (2) 
Residue: AS4 58   0.998750 (0) 0.000680 (1) 0.000010 (1) 0.000560 (1) 0.000000 (1) 
Residue: LYS 59   0.999960 (3) 0.000040 (2) 
Residue: LYS 64   0.999320 (3) 0.000680 (2) 
Residue: LYS 69   0.998330 (3) 0.001670 (2) 
Residue: GL4 73   0.709817 (0) 0.134361 (1) 0.021460 (1) 0.121491 (1) 0.012870 (1) 
Residue: AS4 77   0.976880 (0) 0.010580 (1) 0.000170 (1) 0.012140 (1) 0.000230 (1) 
Residue: GL4 78   0.719567 (0) 0.131431 (1) 0.016390 (1) 0.096511 (1) 0.036100 (1) 
Residue: LYS 82   0.999940 (3) 0.000060 (2) 
Residue: AS4 87   0.847808 (0) 0.066791 (1) 0.008500 (1) 0.069961 (1) 0.006940 (1) 
Residue: GL4 93   0.966490 (0) 0.015020 (1) 0.003860 (1) 0.013820 (1) 0.000810 (1) 
Residue: GL4 94   0.606946 (0) 0.161272 (1) 0.027770 (1) 0.165472 (1) 0.038540 (1) 
Residue: HIP 97   0.935639 (2) 0.056121 (1) 0.008240 (1) 
Residue: LYS 99   0.999040 (3) 0.000960 (2) 
Residue: LYS 102  0.999870 (3) 0.000130 (2) 
Residue: LYS 109  0.998500 (3) 0.001500 (2) 
Residue: LYS 111  0.999960 (3) 0.000040 (2) 
Residue: LYS 114  0.999400 (3) 0.000600 (2) 
Residue: AS4 117  0.847588 (0) 0.070001 (1) 0.011790 (1) 0.069241 (1) 0.001380 (1) 
