   Residue Number     State  0     State  1     State  2     State  3     State  4 
-----------------------------------------------------------------------------------
Residue: GL4 4    0.926829 (0) 0.032370 (1) 0.002210 (1) 0.035590 (1) 0.003000 (1) 
Residue: GL4 5    0.956250 (0) 0.018770 (1) 0.001690 (1) 0.019630 (1) 0.003660 (1) 
Residue: LYS 7    0.999540 (3) 0.000460 (2) 
Residue: HIP 11   0.856919 (2) 0.117721 (1) 0.025360 (1) 
Residue: GL4 13   0.530635 (0) 0.154922 (1) 0.034750 (1) 0.219942 (1) 0.059751 (1) 
Residue: LYS 18   0.992330 (3) 0.007670 (2) 
Residue: GL4 20   0.568036 (0) 0.159172 (1) 0.012600 (1) 0.247212 (1) 0.012980 (1) 
Residue: AS4 24   0.993420 (0) 0.003780 (1) 0.000050 (1) 0.002650 (1) 0.000100 (1) 
Residue: LYS 27   0.998420 (3) 0.001580 (2) 
Residue: AS4 30   0.909179 (0) 0.034440 (1) 0.002920 (1) 0.049820 (1) 0.003640 (1) 
Residue: GL4 33   0.706737 (0) 0.123931 (1) 0.014530 (1) 0.125951 (1) 0.028850 (1) 
Residue: AS4 37   0.971170 (0) 0.016570 (1) 0.000310 (1) 0.011650 (1) 0.000300 (1) 
Residue: GL4 39   0.725907 (0) 0.096591 (1) 0.045540 (1) 0.098581 (1) 0.033380 (1) 
Residue: AS4 40   0.993750 (0) 0.002310 (1) 0.000360 (1) 0.003280 (1) 0.000300 (1) 
Residue: LYS 41   0.999730 (3) 0.000270 (2) 
Residue: LYS 42   0.999730 (3) 0.000270 (2) 
Residue: GL4 48   0.972370 (0) 0.013510 (1) 0.000240 (1) 0.012970 (1) 0.000910 (1) 
Residue: LYS 52   0.981110 (3) 0.018890 (2) 
Residue: AS4 58   0.999350 (0) 0.000280 (1) 0.000000 (1) 0.000370 (1) 0.000000 (1) 
Residue: LYS 59   0.999760 (3) 0.000240 (2) 
Residue: LYS 64   0.998360 (3) 0.001640 (2) 
Residue: LYS 69   0.997160 (3) 0.002840 (2) 
Residue: GL4 73   0.849298 (0) 0.070951 (1) 0.011740 (1) 0.063351 (1) 0.004660 (1) 
Residue: AS4 77   0.992130 (0) 0.003040 (1) 0.000080 (1) 0.004670 (1) 0.000080 (1) 
Residue: GL4 78   0.874439 (0) 0.055821 (1) 0.007190 (1) 0.049260 (1) 0.013290 (1) 
Residue: LYS 82   0.999760 (3) 0.000240 (2) 
Residue: AS4 87   0.927719 (0) 0.031480 (1) 0.002450 (1) 0.034130 (1) 0.004220 (1) 
Residue: GL4 93   0.985780 (0) 0.007090 (1) 0.000860 (1) 0.005860 (1) 0.000410 (1) 
Residue: GL4 94   0.803918 (0) 0.077071 (1) 0.012970 (1) 0.078851 (1) 0.027190 (1) 
Residue: HIP 97   0.853659 (2) 0.128741 (1) 0.017600 (1) 
Residue: LYS 99   0.998520 (3) 0.001480 (2) 
Residue: LYS 102  0.999560 (3) 0.000440 (2) 
Residue: LYS 109  0.998130 (3) 0.001870 (2) 
Residue: LYS 111  0.999850 (3) 0.000150 (2) 
Residue: LYS 114  0.998810 (3) 0.001190 (2) 
Residue: AS4 117  0.939929 (0) 0.025490 (1) 0.001640 (1) 0.031800 (1) 0.001140 (1) 
