   Residue Number     State  0     State  1     State  2     State  3     State  4 
-----------------------------------------------------------------------------------
Residue: GL4 4    0.970510 (0) 0.013190 (1) 0.000840 (1) 0.014280 (1) 0.001180 (1) 
Residue: GL4 5    0.981170 (0) 0.008350 (1) 0.000610 (1) 0.008850 (1) 0.001020 (1) 
Residue: LYS 7    0.999530 (3) 0.000470 (2) 
Residue: HIP 11   0.756048 (2) 0.203452 (1) 0.040500 (1) 
Residue: GL4 13   0.719857 (0) 0.090361 (1) 0.019760 (1) 0.128371 (1) 0.041650 (1) 
Residue: LYS 18   0.981060 (3) 0.018940 (2) 
Residue: GL4 20   0.732027 (0) 0.089161 (1) 0.005440 (1) 0.167622 (1) 0.005750 (1) 
Residue: AS4 24   0.997070 (0) 0.001660 (1) 0.000030 (1) 0.001200 (1) 0.000040 (1) 
Residue: LYS 27   0.997830 (3) 0.002170 (2) 
Residue: AS4 30   0.956330 (0) 0.016870 (1) 0.001870 (1) 0.022620 (1) 0.002310 (1) 
Residue: GL4 33   0.861459 (0) 0.055961 (1) 0.007550 (1) 0.056011 (1) 0.019020 (1) 
Residue: AS4 37   0.978880 (0) 0.010210 (1) 0.000170 (1) 0.010430 (1) 0.000310 (1) 
Residue: GL4 39   0.865149 (0) 0.043660 (1) 0.023730 (1) 0.041730 (1) 0.025730 (1) 
Residue: AS4 40   0.997450 (0) 0.000880 (1) 0.000230 (1) 0.001330 (1) 0.000110 (1) 
Residue: LYS 41   0.999350 (3) 0.000650 (2) 
Residue: LYS 42   0.999490 (3) 0.000510 (2) 
Residue: GL4 48   0.982180 (0) 0.008380 (1) 0.000140 (1) 0.008170 (1) 0.001130 (1) 
Residue: LYS 52   0.968000 (3) 0.032000 (2) 
Residue: AS4 58   0.999840 (0) 0.000110 (1) 0.000000 (1) 0.000050 (1) 0.000000 (1) 
Residue: LYS 59   0.999200 (3) 0.000800 (2) 
Residue: LYS 64   0.996200 (3) 0.003800 (2) 
Residue: LYS 69   0.995510 (3) 0.004490 (2) 
Residue: GL4 73   0.926799 (0) 0.033910 (1) 0.005450 (1) 0.031680 (1) 0.002160 (1) 
Residue: AS4 77   0.997540 (0) 0.000990 (1) 0.000020 (1) 0.001420 (1) 0.000030 (1) 
Residue: GL4 78   0.955890 (0) 0.017110 (1) 0.003920 (1) 0.020020 (1) 0.003060 (1) 
Residue: LYS 82   0.999410 (3) 0.000590 (2) 
Residue: AS4 87   0.965740 (0) 0.014020 (1) 0.000690 (1) 0.016420 (1) 0.003130 (1) 
Residue: GL4 93   0.995550 (0) 0.002040 (1) 0.000200 (1) 0.002040 (1) 0.000170 (1) 
Residue: GL4 94   0.916219 (0) 0.029090 (1) 0.005640 (1) 0.031100 (1) 0.017950 (1) 
Residue: HIP 97   0.702627 (2) 0.270993 (1) 0.026380 (1) 
Residue: LYS 99   0.997270 (3) 0.002730 (2) 
Residue: LYS 102  0.999370 (3) 0.000630 (2) 
Residue: LYS 109  0.997190 (3) 0.002810 (2) 
Residue: LYS 111  0.999550 (3) 0.000450 (2) 
Residue: LYS 114  0.999060 (3) 0.000940 (2) 
Residue: AS4 117  0.971740 (0) 0.011900 (1) 0.000640 (1) 0.015220 (1) 0.000500 (1) 
