   Residue Number     State  0     State  1     State  2     State  3     State  4 
-----------------------------------------------------------------------------------
Residue: GL4 4    0.987490 (0) 0.005810 (1) 0.000300 (1) 0.006210 (1) 0.000190 (1) 
Residue: GL4 5    0.992440 (0) 0.003240 (1) 0.000230 (1) 0.003770 (1) 0.000320 (1) 
Residue: LYS 7    0.999410 (3) 0.000590 (2) 
Residue: HIP 11   0.577816 (2) 0.361584 (1) 0.060601 (1) 
Residue: GL4 13   0.843988 (0) 0.048300 (1) 0.011260 (1) 0.061691 (1) 0.034760 (1) 
Residue: LYS 18   0.953360 (3) 0.046640 (2) 
Residue: GL4 20   0.870629 (0) 0.043030 (1) 0.002190 (1) 0.081061 (1) 0.003090 (1) 
Residue: AS4 24   0.998840 (0) 0.000620 (1) 0.000010 (1) 0.000510 (1) 0.000020 (1) 
Residue: LYS 27   0.995880 (3) 0.004120 (2) 
Residue: AS4 30   0.982580 (0) 0.006620 (1) 0.000690 (1) 0.009300 (1) 0.000810 (1) 
Residue: GL4 33   0.941069 (0) 0.024330 (1) 0.003790 (1) 0.022650 (1) 0.008160 (1) 
Residue: AS4 37   0.991750 (0) 0.003720 (1) 0.000170 (1) 0.004170 (1) 0.000190 (1) 
Residue: GL4 39   0.937399 (0) 0.018860 (1) 0.010860 (1) 0.016900 (1) 0.015980 (1) 
Residue: AS4 40   0.998750 (0) 0.000330 (1) 0.000070 (1) 0.000790 (1) 0.000060 (1) 
Residue: LYS 41   0.998290 (3) 0.001710 (2) 
Residue: LYS 42   0.999110 (3) 0.000890 (2) 
Residue: GL4 48   0.990800 (0) 0.004610 (1) 0.000210 (1) 0.003540 (1) 0.000840 (1) 
Residue: LYS 52   0.940359 (3) 0.059641 (2) 
Residue: AS4 58   0.999950 (0) 0.000040 (1) 0.000000 (1) 0.000010 (1) 0.000000 (1) 
Residue: LYS 59   0.998790 (3) 0.001210 (2) 
Residue: LYS 64   0.990450 (3) 0.009550 (2) 
Residue: LYS 69   0.992930 (3) 0.007070 (2) 
Residue: GL4 73   0.963730 (0) 0.018040 (1) 0.002400 (1) 0.014970 (1) 0.000860 (1) 
Residue: AS4 77   0.999110 (0) 0.000420 (1) 0.000040 (1) 0.000430 (1) 0.000000 (1) 
Residue: GL4 78   0.984820 (0) 0.004260 (1) 0.004010 (1) 0.005940 (1) 0.000970 (1) 
Residue: LYS 82   0.998770 (3) 0.001230 (2) 
Residue: AS4 87   0.982910 (0) 0.007760 (1) 0.000380 (1) 0.007640 (1) 0.001310 (1) 
Residue: GL4 93   0.998020 (0) 0.000750 (1) 0.000210 (1) 0.000720 (1) 0.000300 (1) 
Residue: GL4 94   0.968750 (0) 0.011370 (1) 0.001610 (1) 0.012480 (1) 0.005790 (1) 
Residue: HIP 97   0.451805 (2) 0.507945 (1) 0.040250 (1) 
Residue: LYS 99   0.994800 (3) 0.005200 (2) 
Residue: LYS 102  0.998360 (3) 0.001640 (2) 
Residue: LYS 109  0.996150 (3) 0.003850 (2) 
Residue: LYS 111  0.999250 (3) 0.000750 (2) 
Residue: LYS 114  0.998150 (3) 0.001850 (2) 
Residue: AS4 117  0.985840 (0) 0.005570 (1) 0.000410 (1) 0.007950 (1) 0.000230 (1) 
