   Residue Number     State  0     State  1     State  2     State  3     State  4 
-----------------------------------------------------------------------------------
Residue: GL4 4    0.994800 (0) 0.002910 (1) 0.000130 (1) 0.002090 (1) 0.000070 (1) 
Residue: GL4 5    0.997040 (0) 0.001140 (1) 0.000030 (1) 0.001520 (1) 0.000270 (1) 
Residue: LYS 7    0.999120 (3) 0.000880 (2) 
Residue: HIP 11   0.323553 (2) 0.592156 (1) 0.084291 (1) 
Residue: GL4 13   0.924739 (0) 0.019930 (1) 0.007970 (1) 0.024220 (1) 0.023140 (1) 
Residue: LYS 18   0.902489 (3) 0.097511 (2) 
Residue: GL4 20   0.952790 (0) 0.016510 (1) 0.000900 (1) 0.028340 (1) 0.001460 (1) 
Residue: AS4 24   0.999200 (0) 0.000530 (1) 0.000000 (1) 0.000270 (1) 0.000000 (1) 
Residue: LYS 27   0.992160 (3) 0.007840 (2) 
Residue: AS4 30   0.994710 (0) 0.002210 (1) 0.000160 (1) 0.002760 (1) 0.000160 (1) 
Residue: GL4 33   0.977600 (0) 0.009580 (1) 0.001420 (1) 0.008680 (1) 0.002720 (1) 
Residue: AS4 37   0.997230 (0) 0.000850 (1) 0.000220 (1) 0.001620 (1) 0.000080 (1) 
Residue: GL4 39   0.976890 (0) 0.008030 (1) 0.003400 (1) 0.006140 (1) 0.005540 (1) 
Residue: AS4 40   0.999560 (0) 0.000200 (1) 0.000000 (1) 0.000230 (1) 0.000010 (1) 
Residue: LYS 41   0.994710 (3) 0.005290 (2) 
Residue: LYS 42   0.998270 (3) 0.001730 (2) 
Residue: GL4 48   0.995140 (0) 0.002090 (1) 0.000200 (1) 0.001940 (1) 0.000630 (1) 
Residue: LYS 52   0.877349 (3) 0.122651 (2) 
Residue: AS4 58   0.999940 (0) 0.000040 (1) 0.000000 (1) 0.000020 (1) 0.000000 (1) 
Residue: LYS 59   0.996490 (3) 0.003510 (2) 
Residue: LYS 64   0.975150 (3) 0.024850 (2) 
Residue: LYS 69   0.986700 (3) 0.013300 (2) 
Residue: GL4 73   0.984140 (0) 0.008020 (1) 0.000920 (1) 0.006620 (1) 0.000300 (1) 
Residue: AS4 77   0.999740 (0) 0.000150 (1) 0.000000 (1) 0.000110 (1) 0.000000 (1) 
Residue: GL4 78   0.992910 (0) 0.001260 (1) 0.003730 (1) 0.001760 (1) 0.000340 (1) 
Residue: LYS 82   0.996590 (3) 0.003410 (2) 
Residue: AS4 87   0.990730 (0) 0.004320 (1) 0.000310 (1) 0.004440 (1) 0.000200 (1) 
Residue: GL4 93   0.999090 (0) 0.000250 (1) 0.000040 (1) 0.000250 (1) 0.000370 (1) 
Residue: GL4 94   0.989680 (0) 0.004150 (1) 0.000380 (1) 0.004400 (1) 0.001390 (1) 
Residue: HIP 97   0.209432 (2) 0.737807 (1) 0.052761 (1) 
Residue: LYS 99   0.986220 (3) 0.013780 (2) 
Residue: LYS 102  0.996890 (3) 0.003110 (2) 
Residue: LYS 109  0.993300 (3) 0.006700 (2) 
Residue: LYS 111  0.998040 (3) 0.001960 (2) 
Residue: LYS 114  0.995220 (3) 0.004780 (2) 
Residue: AS4 117  0.990870 (0) 0.003080 (1) 0.000320 (1) 0.005650 (1) 0.000080 (1) 
