   Residue Number     State  0     State  1     State  2     State  3     State  4 
-----------------------------------------------------------------------------------
Residue: GL4 4    0.998170 (0) 0.001090 (1) 0.000040 (1) 0.000700 (1) 0.000000 (1) 
Residue: GL4 5    0.998860 (0) 0.000560 (1) 0.000040 (1) 0.000510 (1) 0.000030 (1) 
Residue: LYS 7    0.997470 (3) 0.002530 (2) 
Residue: HIP 11   0.147251 (2) 0.746217 (1) 0.106531 (1) 
Residue: GL4 13   0.966630 (0) 0.008490 (1) 0.003910 (1) 0.009380 (1) 0.011590 (1) 
Residue: LYS 18   0.811888 (3) 0.188112 (2) 
Residue: GL4 20   0.983600 (0) 0.006370 (1) 0.000650 (1) 0.008960 (1) 0.000420 (1) 
Residue: AS4 24   0.999730 (0) 0.000160 (1) 0.000000 (1) 0.000110 (1) 0.000000 (1) 
Residue: LYS 27   0.982510 (3) 0.017490 (2) 
Residue: AS4 30   0.998240 (0) 0.000730 (1) 0.000040 (1) 0.000980 (1) 0.000010 (1) 
Residue: GL4 33   0.989640 (0) 0.004710 (1) 0.000540 (1) 0.004140 (1) 0.000970 (1) 
Residue: AS4 37   0.999460 (0) 0.000120 (1) 0.000080 (1) 0.000260 (1) 0.000080 (1) 
Residue: GL4 39   0.991420 (0) 0.003320 (1) 0.001200 (1) 0.002280 (1) 0.001780 (1) 
Residue: AS4 40   0.999740 (0) 0.000120 (1) 0.000010 (1) 0.000130 (1) 0.000000 (1) 
Residue: LYS 41   0.985740 (3) 0.014260 (2) 
Residue: LYS 42   0.995990 (3) 0.004010 (2) 
Residue: GL4 48   0.996290 (0) 0.001610 (1) 0.000040 (1) 0.001370 (1) 0.000690 (1) 
Residue: LYS 52   0.765318 (3) 0.234682 (2) 
Residue: AS4 58   0.999950 (0) 0.000010 (1) 0.000000 (1) 0.000040 (1) 0.000000 (1) 
Residue: LYS 59   0.992810 (3) 0.007190 (2) 
Residue: LYS 64   0.947689 (3) 0.052311 (2) 
Residue: LYS 69   0.967270 (3) 0.032730 (2) 
Residue: GL4 73   0.991300 (0) 0.004670 (1) 0.000190 (1) 0.003780 (1) 0.000060 (1) 
Residue: AS4 77   0.999890 (0) 0.000030 (1) 0.000000 (1) 0.000080 (1) 0.000000 (1) 
Residue: GL4 78   0.997610 (0) 0.000380 (1) 0.001540 (1) 0.000410 (1) 0.000060 (1) 
Residue: LYS 82   0.990620 (3) 0.009380 (2) 
Residue: AS4 87   0.994550 (0) 0.002380 (1) 0.000220 (1) 0.002820 (1) 0.000030 (1) 
Residue: GL4 93   0.999210 (0) 0.000160 (1) 0.000020 (1) 0.000130 (1) 0.000480 (1) 
Residue: GL4 94   0.996810 (0) 0.001310 (1) 0.000090 (1) 0.001540 (1) 0.000250 (1) 
Residue: HIP 97   0.086451 (2) 0.852509 (1) 0.061041 (1) 
Residue: LYS 99   0.964450 (3) 0.035550 (2) 
Residue: LYS 102  0.991730 (3) 0.008270 (2) 
Residue: LYS 109  0.986910 (3) 0.013090 (2) 
Residue: LYS 111  0.995310 (3) 0.004690 (2) 
Residue: LYS 114  0.988440 (3) 0.011560 (2) 
Residue: AS4 117  0.996320 (0) 0.001560 (1) 0.000120 (1) 0.001980 (1) 0.000020 (1) 
