       0.000           0.0000
       1.000         302.4862
       2.000         645.2322
       3.000         956.1492
       4.000        1310.8646
       5.000        1660.4164
       6.000        1972.1796
       7.000        2310.4082
       8.000        2626.4448
       9.000        2952.2202
      10.000        3301.4929
      11.000        3648.0818
      12.000        3960.0002
      13.000        4339.0059
      14.000        4620.0845
      15.000        4996.7954
      16.000        5321.2441
      17.000        5621.5752
      18.000        6093.7485
      19.000        6325.9453
      20.000        6617.6650
      21.000        6840.8442
      22.000        6965.6104
      23.000        7158.4478
      24.000        7262.9678
      25.000        7508.7222
      26.000        7690.2842
      27.000        7806.0664
      28.000        7900.0723
      29.000        8123.6353
      30.000        8524.1025
      31.000        8460.4170
      32.000        8686.0225
      33.000        8844.7891
      34.000        9021.9062
      35.000        9071.1748
      36.000        9418.3447
      37.000        9411.9688
      38.000        9763.4570
      39.000       10025.1484
      40.000       10008.6621
      41.000       10010.5723
      42.000        9964.8477
      43.000        9976.5869
      44.000       10088.8652
      45.000        9984.6699
      46.000       10014.1875
      47.000       10035.5293
      48.000        9993.3145
      49.000       10001.4619
      50.000       10105.2373
      51.000       10007.2559
      52.000       10059.4727
      53.000       10135.1211
      54.000       10116.9365
      55.000        9958.2793
      56.000       10037.6064
      57.000        9961.6064
      58.000       10017.5625
      59.000        9926.7988
      60.000        9988.4287
      61.000        9985.0947
      62.000       10039.0947
      63.000        9991.7988
      64.000       10078.5469
      65.000        9921.3389
      66.000        9868.7617
      67.000        9939.4707
      68.000       10012.3594
      69.000       10150.7168
      70.000        9995.7773
      71.000        9992.6699
      72.000        9994.1396
      73.000        9953.5078
      74.000       10028.5908
      75.000        9983.7314
      76.000       10126.7012
      77.000        9975.0215
      78.000       10075.1309
      79.000       10141.8037
      80.000       10135.8486
      81.000       10038.1621
      82.000        9833.6748
      83.000        9919.8193
      84.000       10021.3389
      85.000        9967.0840
      86.000        9923.4277
      87.000       10029.5088
      88.000       10046.4004
      89.000        9996.4697
      90.000       10004.1250
      91.000        9966.6152
      92.000       10071.3604
      93.000       10035.8027
      94.000        9999.1748
      95.000        9910.6377
      96.000        9933.6543
      97.000       10090.1074
      98.000       10084.1816
      99.000        9988.1943
     100.000       10000.0410
     101.000       10090.6826
     102.000       10053.9590
     103.000       10148.0781
     104.000       10016.4854
     105.000       10053.5674
     106.000        9958.1631
     107.000       10035.9482
     108.000        9997.3398
     109.000       10067.1543
     110.000        9985.2959
     111.000        9929.4648
     112.000       10078.7939
     113.000       10085.5010
     114.000       10126.9727
     115.000       10050.2510
     116.000        9916.3818
     117.000        9990.2031
     118.000       10080.3564
     119.000       10032.3535
     120.000       10059.6094
     121.000        9966.9072
     122.000        9839.8447
     123.000        9973.8340
     124.000       10018.5527
     125.000        9994.4736
     126.000        9970.3770
     127.000       10059.0059
     128.000        9996.7070
     129.000        9971.7666
     130.000        9958.9385
     131.000       10106.7598
     132.000       10081.8594
     133.000        9983.6992
     134.000       10179.6719
     135.000       10001.6006
     136.000        9991.8457
     137.000       10099.2861
     138.000       10095.3711
     139.000       10053.6914
     140.000        9896.4707
