       0.000      -56281.3771
       1.000      -59728.5060
       2.000      -59504.0457
       3.000      -59273.8110
       4.000      -59038.8240
       5.000      -58756.6914
       6.000      -58515.8678
       7.000      -58213.5750
       8.000      -57872.6839
       9.000      -57588.3611
      10.000      -57279.5352
      11.000      -56984.9604
      12.000      -56751.2401
      13.000      -56444.8702
      14.000      -56186.1286
      15.000      -55808.7282
      16.000      -55437.1419
      17.000      -55114.8703
      18.000      -54731.7834
      19.000      -54256.5255
      20.000      -53843.0028
      21.000      -53529.3367
      22.000      -53240.4415
      23.000      -53052.0662
      24.000      -52716.3415
      25.000      -52544.4169
      26.000      -52310.3050
      27.000      -52029.8503
      28.000      -51663.3635
      29.000      -51261.5098
      30.000      -50832.0508
      31.000      -50709.5377
      32.000      -50282.7964
      33.000      -49944.6194
      34.000      -49579.9063
      35.000      -49111.2180
      36.000      -48597.3323
      37.000      -48273.7615
      38.000      -47912.1105
      39.000      -47615.1310
      40.000      -47264.9904
      41.000      -47267.4261
      42.000      -46979.3350
      43.000      -47343.1448
      44.000      -47155.5804
      45.000      -47170.5703
      46.000      -47180.1664
      47.000      -47337.4324
      48.000      -46986.5508
      49.000      -47158.0384
      50.000      -47325.1603
      51.000      -47149.7308
      52.000      -47268.1593
      53.000      -47176.6637
      54.000      -47389.9958
      55.000      -47434.2709
      56.000      -47329.4633
      57.000      -47284.2261
      58.000      -47450.5790
      59.000      -47265.7968
      60.000      -47511.5026
      61.000      -47349.4878
      62.000      -47401.1962
      63.000      -47413.9536
      64.000      -47379.0273
      65.000      -47401.5621
      66.000      -47503.6027
      67.000      -47425.2372
      68.000      -47290.1092
      69.000      -47314.1332
      70.000      -47528.3902
      71.000      -47502.9001
      72.000      -47470.3008
      73.000      -47611.7836
      74.000      -47578.6303
      75.000      -47690.1533
      76.000      -47550.4137
      77.000      -47593.2900
      78.000      -47619.2155
      79.000      -47605.5603
      80.000      -47726.7423
      81.000      -47604.4774
      82.000      -47540.3506
      83.000      -47505.1520
      84.000      -47634.8240
      85.000      -47623.0685
      86.000      -47731.8746
      87.000      -47813.7467
      88.000      -47664.5650
      89.000      -47610.0893
      90.000      -47614.7050
      91.000      -47744.8382
      92.000      -47664.9653
      93.000      -47432.6388
      94.000      -47499.2973
      95.000      -47611.9038
      96.000      -47526.0975
      97.000      -47599.4949
      98.000      -47578.2135
      99.000      -47873.6134
     100.000      -47621.0128
     101.000      -47703.3024
     102.000      -47637.8086
     103.000      -47682.0438
     104.000      -47639.4327
     105.000      -47529.4665
     106.000      -47740.2781
     107.000      -47678.2475
     108.000      -47566.6742
     109.000      -47784.5909
     110.000      -47675.2998
     111.000      -47726.5393
     112.000      -47682.1394
     113.000      -47708.1791
     114.000      -47653.7288
     115.000      -47522.9129
     116.000      -47759.4773
     117.000      -47669.4103
     118.000      -47519.3954
     119.000      -47842.4838
     120.000      -47753.0422
     121.000      -47738.0217
     122.000      -47822.4021
     123.000      -47816.2634
     124.000      -47753.5152
     125.000      -47737.3182
     126.000      -47827.4761
     127.000      -47869.0587
     128.000      -47910.8413
     129.000      -47923.3538
     130.000      -47852.7311
     131.000      -48042.5258
     132.000      -48021.7460
     133.000      -47781.8529
     134.000      -47818.9907
     135.000      -47799.9255
     136.000      -47897.5136
     137.000      -47912.5184
     138.000      -47854.9697
     139.000      -47908.4156
     140.000      -47914.2008
