       0.000       0.00
       1.000       9.05
       2.000      19.31
       3.000      28.62
       4.000      39.23
       5.000      49.70
       6.000      59.03
       7.000      69.15
       8.000      78.61
       9.000      88.36
      10.000      98.82
      11.000     109.19
      12.000     118.53
      13.000     129.87
      14.000     138.28
      15.000     149.56
      16.000     159.27
      17.000     168.26
      18.000     182.39
      19.000     189.34
      20.000     198.07
      21.000     204.75
      22.000     208.48
      23.000     214.26
      24.000     217.38
      25.000     224.74
      26.000     230.17
      27.000     233.64
      28.000     236.45
      29.000     243.15
      30.000     255.13
      31.000     253.23
      32.000     259.98
      33.000     264.73
      34.000     270.03
      35.000     271.51
      36.000     281.90
      37.000     281.71
      38.000     292.23
      39.000     300.06
      40.000     299.56
      41.000     299.62
      42.000     298.25
      43.000     298.60
      44.000     301.97
      45.000     298.85
      46.000     299.73
      47.000     300.37
      48.000     299.11
      49.000     299.35
      50.000     302.46
      51.000     299.52
      52.000     301.09
      53.000     303.35
      54.000     302.81
      55.000     298.06
      56.000     300.43
      57.000     298.16
      58.000     299.83
      59.000     297.11
      60.000     298.96
      61.000     298.86
      62.000     300.48
      63.000     299.06
      64.000     301.66
      65.000     296.95
      66.000     295.38
      67.000     297.49
      68.000     299.68
      69.000     303.82
      70.000     299.18
      71.000     299.09
      72.000     299.13
      73.000     297.91
      74.000     300.16
      75.000     298.82
      76.000     303.10
      77.000     298.56
      78.000     301.55
      79.000     303.55
      80.000     303.37
      81.000     300.45
      82.000     294.33
      83.000     296.91
      84.000     299.94
      85.000     298.32
      86.000     297.01
      87.000     300.19
      88.000     300.69
      89.000     299.20
      90.000     299.43
      91.000     298.31
      92.000     301.44
      93.000     300.38
      94.000     299.28
      95.000     296.63
      96.000     297.32
      97.000     302.00
      98.000     301.83
      99.000     298.95
     100.000     299.31
     101.000     302.02
     102.000     300.92
     103.000     303.74
     104.000     299.80
     105.000     300.91
     106.000     298.05
     107.000     300.38
     108.000     299.23
     109.000     301.32
     110.000     298.87
     111.000     297.19
     112.000     301.66
     113.000     301.86
     114.000     303.11
     115.000     300.81
     116.000     296.80
     117.000     299.01
     118.000     301.71
     119.000     300.27
     120.000     301.09
     121.000     298.32
     122.000     294.51
     123.000     298.52
     124.000     299.86
     125.000     299.14
     126.000     298.42
     127.000     301.07
     128.000     299.21
     129.000     298.46
     130.000     298.08
     131.000     302.50
     132.000     301.76
     133.000     298.82
     134.000     304.68
     135.000     299.35
     136.000     299.06
     137.000     302.28
     138.000     302.16
     139.000     300.91
     140.000     296.21
