   Residue Number     State  0     State  1     State  2     State  3     State  4 
-----------------------------------------------------------------------------------
Residue: GL4 4    0.123034 (0) 0.434903 (1) 0.034581 (1) 0.380221 (1) 0.027261 (1) 
Residue: GL4 5    0.235387 (0) 0.354301 (1) 0.020411 (1) 0.366781 (1) 0.023121 (1) 
Residue: LYS 7    0.999710 (3) 0.000290 (2) 
Residue: HIP 11   0.995740 (2) 0.003730 (1) 0.000530 (1) 
Residue: GL4 13   0.007690 (0) 0.324010 (1) 0.264528 (1) 0.235607 (1) 0.168165 (1) 
Residue: LYS 18   0.999740 (3) 0.000260 (2) 
Residue: GL4 20   0.006380 (0) 0.448433 (1) 0.056052 (1) 0.447903 (1) 0.041231 (1) 
Residue: AS4 24   0.685881 (0) 0.156885 (1) 0.003480 (1) 0.150595 (1) 0.003160 (1) 
Residue: LYS 27   0.999380 (3) 0.000620 (2) 
Residue: AS4 30   0.133484 (0) 0.409862 (1) 0.025171 (1) 0.400032 (1) 0.031451 (1) 
Residue: GL4 33   0.062102 (0) 0.407542 (1) 0.052172 (1) 0.411742 (1) 0.066442 (1) 
Residue: AS4 37   0.636319 (0) 0.168185 (1) 0.005380 (1) 0.184706 (1) 0.005410 (1) 
Residue: GL4 39   0.057862 (0) 0.398672 (1) 0.087603 (1) 0.399952 (1) 0.055912 (1) 
Residue: AS4 40   0.873576 (0) 0.059842 (1) 0.001900 (1) 0.062782 (1) 0.001900 (1) 
Residue: LYS 41   1.000000 (3) 0.000000 (2) 
Residue: LYS 42   1.000000 (3) 0.000000 (2) 
Residue: GL4 48   0.853376 (0) 0.047861 (1) 0.015030 (1) 0.060532 (1) 0.023201 (1) 
Residue: LYS 52   0.999520 (3) 0.000480 (2) 
Residue: AS4 58   0.958289 (0) 0.022081 (1) 0.000150 (1) 0.019171 (1) 0.000310 (1) 
Residue: LYS 59   1.000000 (3) 0.000000 (2) 
Residue: LYS 64   0.999990 (3) 0.000010 (2) 
Residue: LYS 69   0.999180 (3) 0.000820 (2) 
Residue: GL4 73   0.187326 (0) 0.345980 (1) 0.056362 (1) 0.349130 (1) 0.061202 (1) 
Residue: AS4 77   0.661140 (0) 0.163005 (1) 0.002080 (1) 0.170025 (1) 0.003750 (1) 
Residue: GL4 78   0.223837 (0) 0.361041 (1) 0.033761 (1) 0.349350 (1) 0.032011 (1) 
Residue: LYS 82   1.000000 (3) 0.000000 (2) 
Residue: AS4 87   0.296019 (0) 0.289709 (1) 0.057622 (1) 0.304119 (1) 0.052532 (1) 
Residue: GL4 93   0.555407 (0) 0.197196 (1) 0.019081 (1) 0.216897 (1) 0.011420 (1) 
Residue: GL4 94   0.038071 (0) 0.405642 (1) 0.062402 (1) 0.428153 (1) 0.065732 (1) 
Residue: HIP 97   0.994870 (2) 0.003480 (1) 0.001650 (1) 
Residue: LYS 99   0.999970 (3) 0.000030 (2) 
Residue: LYS 102  1.000000 (3) 0.000000 (2) 
Residue: LYS 109  0.999870 (3) 0.000130 (2) 
Residue: LYS 111  1.000000 (3) 0.000000 (2) 
Residue: LYS 114  0.998290 (3) 0.001710 (2) 
Residue: AS4 117  0.170565 (0) 0.552487 (1) 0.004910 (1) 0.265208 (1) 0.006830 (1) 
