   Residue Number     State  0     State  1     State  2     State  3     State  4 
-----------------------------------------------------------------------------------
Residue: GL4 4    0.256028 (0) 0.374961 (1) 0.032391 (1) 0.314699 (1) 0.021921 (1) 
Residue: GL4 5    0.467474 (0) 0.243647 (1) 0.014010 (1) 0.258858 (1) 0.016010 (1) 
Residue: LYS 7    0.999670 (3) 0.000330 (2) 
Residue: HIP 11   0.987000 (2) 0.011300 (1) 0.001700 (1) 
Residue: GL4 13   0.018681 (0) 0.321240 (1) 0.232147 (1) 0.251038 (1) 0.176895 (1) 
Residue: LYS 18   0.999580 (3) 0.000420 (2) 
Residue: GL4 20   0.018431 (0) 0.446243 (1) 0.045431 (1) 0.448373 (1) 0.041521 (1) 
Residue: AS4 24   0.839765 (0) 0.087413 (1) 0.001790 (1) 0.069722 (1) 0.001310 (1) 
Residue: LYS 27   0.999560 (3) 0.000440 (2) 
Residue: AS4 30   0.304149 (0) 0.320320 (1) 0.029171 (1) 0.317460 (1) 0.028901 (1) 
Residue: GL4 33   0.125564 (0) 0.390742 (1) 0.057172 (1) 0.370831 (1) 0.055692 (1) 
Residue: AS4 37   0.780503 (0) 0.102073 (1) 0.002410 (1) 0.112753 (1) 0.002260 (1) 
Residue: GL4 39   0.109543 (0) 0.334810 (1) 0.113633 (1) 0.340450 (1) 0.101563 (1) 
Residue: AS4 40   0.913667 (0) 0.037831 (1) 0.000890 (1) 0.045821 (1) 0.001790 (1) 
Residue: LYS 41   0.999960 (3) 0.000040 (2) 
Residue: LYS 42   0.999940 (3) 0.000060 (2) 
Residue: GL4 48   0.891727 (0) 0.034411 (1) 0.010350 (1) 0.052552 (1) 0.010960 (1) 
Residue: LYS 52   0.999060 (3) 0.000940 (2) 
Residue: AS4 58   0.981439 (0) 0.008350 (1) 0.000500 (1) 0.009670 (1) 0.000040 (1) 
Residue: LYS 59   1.000000 (3) 0.000000 (2) 
Residue: LYS 64   0.999960 (3) 0.000040 (2) 
Residue: LYS 69   0.999550 (3) 0.000450 (2) 
Residue: GL4 73   0.342210 (0) 0.277038 (1) 0.045021 (1) 0.286819 (1) 0.048911 (1) 
Residue: AS4 77   0.801814 (0) 0.095973 (1) 0.001250 (1) 0.099513 (1) 0.001450 (1) 
Residue: GL4 78   0.325640 (0) 0.296599 (1) 0.034371 (1) 0.301719 (1) 0.041671 (1) 
Residue: LYS 82   1.000000 (3) 0.000000 (2) 
Residue: AS4 87   0.445703 (0) 0.221667 (1) 0.052532 (1) 0.236177 (1) 0.043921 (1) 
Residue: GL4 93   0.766313 (0) 0.110193 (1) 0.006110 (1) 0.111173 (1) 0.006210 (1) 
Residue: GL4 94   0.086523 (0) 0.387852 (1) 0.074472 (1) 0.391042 (1) 0.060112 (1) 
Residue: HIP 97   0.991840 (2) 0.005900 (1) 0.002260 (1) 
Residue: LYS 99   0.999900 (3) 0.000100 (2) 
Residue: LYS 102  1.000000 (3) 0.000000 (2) 
Residue: LYS 109  0.999720 (3) 0.000280 (2) 
Residue: LYS 111  1.000000 (3) 0.000000 (2) 
Residue: LYS 114  0.999000 (3) 0.001000 (2) 
Residue: AS4 117  0.365411 (0) 0.371101 (1) 0.003790 (1) 0.255168 (1) 0.004530 (1) 
