   Residue Number     State  0     State  1     State  2     State  3     State  4 
-----------------------------------------------------------------------------------
Residue: GL4 4    0.452484 (0) 0.276698 (1) 0.026441 (1) 0.227927 (1) 0.016450 (1) 
Residue: GL4 5    0.671350 (0) 0.152975 (1) 0.011940 (1) 0.155015 (1) 0.008720 (1) 
Residue: LYS 7    0.999450 (3) 0.000550 (2) 
Residue: HIP 11   0.969699 (2) 0.026101 (1) 0.004200 (1) 
Residue: GL4 13   0.045421 (0) 0.302229 (1) 0.196696 (1) 0.267518 (1) 0.188136 (1) 
Residue: LYS 18   0.999080 (3) 0.000920 (2) 
Residue: GL4 20   0.055532 (0) 0.438293 (1) 0.035691 (1) 0.433343 (1) 0.037141 (1) 
Residue: AS4 24   0.927118 (0) 0.037961 (1) 0.000860 (1) 0.033481 (1) 0.000580 (1) 
Residue: LYS 27   0.999510 (3) 0.000490 (2) 
Residue: AS4 30   0.451934 (0) 0.232487 (1) 0.029891 (1) 0.262368 (1) 0.023321 (1) 
Residue: GL4 33   0.246267 (0) 0.342690 (1) 0.049431 (1) 0.316659 (1) 0.044951 (1) 
Residue: AS4 37   0.827915 (0) 0.071882 (1) 0.001330 (1) 0.097393 (1) 0.001480 (1) 
Residue: GL4 39   0.197746 (0) 0.273808 (1) 0.141254 (1) 0.275098 (1) 0.112093 (1) 
Residue: AS4 40   0.949488 (0) 0.023631 (1) 0.000550 (1) 0.025521 (1) 0.000810 (1) 
Residue: LYS 41   0.999990 (3) 0.000010 (2) 
Residue: LYS 42   0.999920 (3) 0.000080 (2) 
Residue: GL4 48   0.952219 (0) 0.018511 (1) 0.002530 (1) 0.024171 (1) 0.002570 (1) 
Residue: LYS 52   0.997410 (3) 0.002590 (2) 
Residue: AS4 58   0.990180 (0) 0.004280 (1) 0.000520 (1) 0.004950 (1) 0.000070 (1) 
Residue: LYS 59   1.000000 (3) 0.000000 (2) 
Residue: LYS 64   0.999750 (3) 0.000250 (2) 
Residue: LYS 69   0.999320 (3) 0.000680 (2) 
Residue: GL4 73   0.489105 (0) 0.210256 (1) 0.040061 (1) 0.215936 (1) 0.044641 (1) 
Residue: AS4 77   0.902837 (0) 0.043981 (1) 0.000730 (1) 0.051652 (1) 0.000800 (1) 
Residue: GL4 78   0.428283 (0) 0.232647 (1) 0.037211 (1) 0.249597 (1) 0.052262 (1) 
Residue: LYS 82   0.999970 (3) 0.000030 (2) 
Residue: AS4 87   0.575897 (0) 0.168195 (1) 0.048241 (1) 0.175285 (1) 0.032381 (1) 
Residue: GL4 93   0.891397 (0) 0.055132 (1) 0.001710 (1) 0.049851 (1) 0.001910 (1) 
Residue: GL4 94   0.194576 (0) 0.341790 (1) 0.071202 (1) 0.341670 (1) 0.050762 (1) 
Residue: HIP 97   0.984140 (2) 0.013480 (1) 0.002380 (1) 
Residue: LYS 99   0.999610 (3) 0.000390 (2) 
Residue: LYS 102  0.999970 (3) 0.000030 (2) 
Residue: LYS 109  0.999460 (3) 0.000540 (2) 
Residue: LYS 111  0.999980 (3) 0.000020 (2) 
Residue: LYS 114  0.998650 (3) 0.001350 (2) 
Residue: AS4 117  0.583958 (0) 0.211556 (1) 0.002900 (1) 0.198566 (1) 0.003020 (1) 
