   Residue Number     State  0     State  1     State  2     State  3     State  4 
-----------------------------------------------------------------------------------
Residue: GL4 4    0.660630 (0) 0.179525 (1) 0.011990 (1) 0.137864 (1) 0.009990 (1) 
Residue: GL4 5    0.819385 (0) 0.082342 (1) 0.005030 (1) 0.087553 (1) 0.005690 (1) 
Residue: LYS 7    0.999530 (3) 0.000470 (2) 
Residue: HIP 11   0.938428 (2) 0.051672 (1) 0.009900 (1) 
Residue: GL4 13   0.120274 (0) 0.261018 (1) 0.157645 (1) 0.267758 (1) 0.193306 (1) 
Residue: LYS 18   0.997370 (3) 0.002630 (2) 
Residue: GL4 20   0.143364 (0) 0.394232 (1) 0.029551 (1) 0.397842 (1) 0.035011 (1) 
Residue: AS4 24   0.967279 (0) 0.015470 (1) 0.000430 (1) 0.016460 (1) 0.000360 (1) 
Residue: LYS 27   0.999320 (3) 0.000680 (2) 
Residue: AS4 30   0.629509 (0) 0.149494 (1) 0.020841 (1) 0.182405 (1) 0.017751 (1) 
Residue: GL4 33   0.411802 (0) 0.272428 (1) 0.033671 (1) 0.247637 (1) 0.034461 (1) 
Residue: AS4 37   0.851596 (0) 0.064712 (1) 0.000650 (1) 0.082112 (1) 0.000930 (1) 
Residue: GL4 39   0.315919 (0) 0.215116 (1) 0.139894 (1) 0.213406 (1) 0.115663 (1) 
Residue: AS4 40   0.974979 (0) 0.012250 (1) 0.000190 (1) 0.012350 (1) 0.000230 (1) 
Residue: LYS 41   0.999920 (3) 0.000080 (2) 
Residue: LYS 42   0.999880 (3) 0.000120 (2) 
Residue: GL4 48   0.974249 (0) 0.010650 (1) 0.000860 (1) 0.013430 (1) 0.000810 (1) 
Residue: LYS 52   0.993540 (3) 0.006460 (2) 
Residue: AS4 58   0.995920 (0) 0.001970 (1) 0.000110 (1) 0.002000 (1) 0.000000 (1) 
Residue: LYS 59   0.999980 (3) 0.000020 (2) 
Residue: LYS 64   0.999730 (3) 0.000270 (2) 
Residue: LYS 69   0.998990 (3) 0.001010 (2) 
Residue: GL4 73   0.594888 (0) 0.168925 (1) 0.026821 (1) 0.174485 (1) 0.034881 (1) 
Residue: AS4 77   0.959039 (0) 0.018781 (1) 0.000250 (1) 0.021561 (1) 0.000370 (1) 
Residue: GL4 78   0.560227 (0) 0.180905 (1) 0.031711 (1) 0.180475 (1) 0.046681 (1) 
Residue: LYS 82   0.999940 (3) 0.000060 (2) 
Residue: AS4 87   0.718532 (0) 0.108003 (1) 0.036761 (1) 0.109863 (1) 0.026841 (1) 
Residue: GL4 93   0.952339 (0) 0.026681 (1) 0.000610 (1) 0.020121 (1) 0.000250 (1) 
Residue: GL4 94   0.382711 (0) 0.255348 (1) 0.057122 (1) 0.258928 (1) 0.045891 (1) 
Residue: HIP 97   0.968369 (2) 0.028791 (1) 0.002840 (1) 
Residue: LYS 99   0.998860 (3) 0.001140 (2) 
Residue: LYS 102  0.999950 (3) 0.000050 (2) 
Residue: LYS 109  0.997730 (3) 0.002270 (2) 
Residue: LYS 111  0.999990 (3) 0.000010 (2) 
Residue: LYS 114  0.998040 (3) 0.001960 (2) 
Residue: AS4 117  0.780773 (0) 0.108243 (1) 0.001820 (1) 0.107383 (1) 0.001780 (1) 
