   Residue Number     State  0     State  1     State  2     State  3     State  4 
-----------------------------------------------------------------------------------
Residue: GL4 4    0.828865 (0) 0.089713 (1) 0.005070 (1) 0.069482 (1) 0.006870 (1) 
Residue: GL4 5    0.899167 (0) 0.044661 (1) 0.002720 (1) 0.050012 (1) 0.003440 (1) 
Residue: LYS 7    0.999580 (3) 0.000420 (2) 
Residue: HIP 11   0.911097 (2) 0.067122 (1) 0.021781 (1) 
Residue: GL4 13   0.276938 (0) 0.195676 (1) 0.115893 (1) 0.220307 (1) 0.191186 (1) 
Residue: LYS 18   0.993400 (3) 0.006600 (2) 
Residue: GL4 20   0.316299 (0) 0.314019 (1) 0.021381 (1) 0.321060 (1) 0.027241 (1) 
Residue: AS4 24   0.985860 (0) 0.006840 (1) 0.000130 (1) 0.007040 (1) 0.000130 (1) 
Residue: LYS 27   0.998750 (3) 0.001250 (2) 
Residue: AS4 30   0.778503 (0) 0.091593 (1) 0.013220 (1) 0.105373 (1) 0.011310 (1) 
Residue: GL4 33   0.598578 (0) 0.183496 (1) 0.023671 (1) 0.169965 (1) 0.024291 (1) 
Residue: AS4 37   0.896397 (0) 0.051262 (1) 0.000240 (1) 0.051342 (1) 0.000760 (1) 
Residue: GL4 39   0.473184 (0) 0.151375 (1) 0.117944 (1) 0.156205 (1) 0.101293 (1) 
Residue: AS4 40   0.987610 (0) 0.005880 (1) 0.000140 (1) 0.006290 (1) 0.000080 (1) 
Residue: LYS 41   0.999700 (3) 0.000300 (2) 
Residue: LYS 42   0.999900 (3) 0.000100 (2) 
Residue: GL4 48   0.976699 (0) 0.009800 (1) 0.000890 (1) 0.011730 (1) 0.000880 (1) 
Residue: LYS 52   0.987090 (3) 0.012910 (2) 
Residue: AS4 58   0.997770 (0) 0.001210 (1) 0.000020 (1) 0.001000 (1) 0.000000 (1) 
Residue: LYS 59   0.999970 (3) 0.000030 (2) 
Residue: LYS 64   0.999570 (3) 0.000430 (2) 
Residue: LYS 69   0.998200 (3) 0.001800 (2) 
Residue: GL4 73   0.675760 (0) 0.137134 (1) 0.017921 (1) 0.141634 (1) 0.027551 (1) 
Residue: AS4 77   0.979199 (0) 0.009110 (1) 0.000140 (1) 0.011390 (1) 0.000160 (1) 
Residue: GL4 78   0.718272 (0) 0.106583 (1) 0.023851 (1) 0.117114 (1) 0.034181 (1) 
Residue: LYS 82   0.999930 (3) 0.000070 (2) 
Residue: AS4 87   0.865086 (0) 0.051572 (1) 0.018821 (1) 0.053812 (1) 0.010710 (1) 
Residue: GL4 93   0.977229 (0) 0.013270 (1) 0.000140 (1) 0.009290 (1) 0.000070 (1) 
Residue: GL4 94   0.615158 (0) 0.155585 (1) 0.034061 (1) 0.155385 (1) 0.039811 (1) 
Residue: HIP 97   0.931488 (2) 0.063802 (1) 0.004710 (1) 
Residue: LYS 99   0.997840 (3) 0.002160 (2) 
Residue: LYS 102  0.999880 (3) 0.000120 (2) 
Residue: LYS 109  0.997430 (3) 0.002570 (2) 
Residue: LYS 111  0.999940 (3) 0.000060 (2) 
Residue: LYS 114  0.997960 (3) 0.002040 (2) 
Residue: AS4 117  0.898987 (0) 0.050492 (1) 0.001370 (1) 0.047771 (1) 0.001380 (1) 
