   Residue Number     State  0     State  1     State  2     State  3     State  4 
-----------------------------------------------------------------------------------
Residue: GL4 4    0.916457 (0) 0.043031 (1) 0.002510 (1) 0.034191 (1) 0.003810 (1) 
Residue: GL4 5    0.954559 (0) 0.020091 (1) 0.000890 (1) 0.022441 (1) 0.002020 (1) 
Residue: LYS 7    0.999460 (3) 0.000540 (2) 
Residue: HIP 11   0.873016 (2) 0.088683 (1) 0.038301 (1) 
Residue: GL4 13   0.521056 (0) 0.122174 (1) 0.068792 (1) 0.157075 (1) 0.130904 (1) 
Residue: LYS 18   0.990740 (3) 0.009260 (2) 
Residue: GL4 20   0.565747 (0) 0.196856 (1) 0.011810 (1) 0.211096 (1) 0.014490 (1) 
Residue: AS4 24   0.994180 (0) 0.002980 (1) 0.000060 (1) 0.002710 (1) 0.000070 (1) 
Residue: LYS 27   0.998470 (3) 0.001530 (2) 
Residue: AS4 30   0.886917 (0) 0.048761 (1) 0.005390 (1) 0.055682 (1) 0.003250 (1) 
Residue: GL4 33   0.777693 (0) 0.101613 (1) 0.014990 (1) 0.090673 (1) 0.015030 (1) 
Residue: AS4 37   0.949598 (0) 0.026291 (1) 0.000110 (1) 0.023411 (1) 0.000590 (1) 
Residue: GL4 39   0.662480 (0) 0.092593 (1) 0.094163 (1) 0.092963 (1) 0.057802 (1) 
Residue: AS4 40   0.994700 (0) 0.002550 (1) 0.000070 (1) 0.002640 (1) 0.000040 (1) 
Residue: LYS 41   0.999760 (3) 0.000240 (2) 
Residue: LYS 42   0.999700 (3) 0.000300 (2) 
Residue: GL4 48   0.983900 (0) 0.007050 (1) 0.000470 (1) 0.008240 (1) 0.000340 (1) 
Residue: LYS 52   0.976479 (3) 0.023521 (2) 
Residue: AS4 58   0.999400 (0) 0.000350 (1) 0.000000 (1) 0.000250 (1) 0.000000 (1) 
Residue: LYS 59   0.999830 (3) 0.000170 (2) 
Residue: LYS 64   0.998930 (3) 0.001070 (2) 
Residue: LYS 69   0.997360 (3) 0.002640 (2) 
Residue: GL4 73   0.777303 (0) 0.091943 (1) 0.008080 (1) 0.102293 (1) 0.020381 (1) 
Residue: AS4 77   0.989830 (0) 0.006030 (1) 0.000100 (1) 0.003960 (1) 0.000080 (1) 
Residue: GL4 78   0.834345 (0) 0.062802 (1) 0.013020 (1) 0.071792 (1) 0.018041 (1) 
Residue: LYS 82   0.999640 (3) 0.000360 (2) 
Residue: AS4 87   0.926548 (0) 0.028891 (1) 0.006950 (1) 0.031321 (1) 0.006290 (1) 
Residue: GL4 93   0.989370 (0) 0.005800 (1) 0.000020 (1) 0.004780 (1) 0.000030 (1) 
Residue: GL4 94   0.804064 (0) 0.074332 (1) 0.018171 (1) 0.074602 (1) 0.028831 (1) 
Residue: HIP 97   0.865606 (2) 0.125864 (1) 0.008530 (1) 
Residue: LYS 99   0.995160 (3) 0.004840 (2) 
Residue: LYS 102  0.999870 (3) 0.000130 (2) 
Residue: LYS 109  0.996980 (3) 0.003020 (2) 
Residue: LYS 111  0.999670 (3) 0.000330 (2) 
Residue: LYS 114  0.997440 (3) 0.002560 (2) 
Residue: AS4 117  0.951739 (0) 0.023861 (1) 0.000700 (1) 0.022491 (1) 0.001210 (1) 
