   Residue Number     State  0     State  1     State  2     State  3     State  4 
-----------------------------------------------------------------------------------
Residue: GL4 4    0.967029 (0) 0.016210 (1) 0.000750 (1) 0.014030 (1) 0.001980 (1) 
Residue: GL4 5    0.984340 (0) 0.007460 (1) 0.000320 (1) 0.006840 (1) 0.001040 (1) 
Residue: LYS 7    0.999360 (3) 0.000640 (2) 
Residue: HIP 11   0.761523 (2) 0.169955 (1) 0.068522 (1) 
Residue: GL4 13   0.775603 (0) 0.059772 (1) 0.027201 (1) 0.076032 (1) 0.061392 (1) 
Residue: LYS 18   0.985170 (3) 0.014830 (2) 
Residue: GL4 20   0.773343 (0) 0.100293 (1) 0.004610 (1) 0.114813 (1) 0.006940 (1) 
Residue: AS4 24   0.997700 (0) 0.000980 (1) 0.000000 (1) 0.001310 (1) 0.000010 (1) 
Residue: LYS 27   0.997920 (3) 0.002080 (2) 
Residue: AS4 30   0.953299 (0) 0.017601 (1) 0.001420 (1) 0.026861 (1) 0.000820 (1) 
Residue: GL4 33   0.899347 (0) 0.044181 (1) 0.009130 (1) 0.040861 (1) 0.006480 (1) 
Residue: AS4 37   0.982599 (0) 0.009750 (1) 0.000120 (1) 0.006970 (1) 0.000560 (1) 
Residue: GL4 39   0.845035 (0) 0.040941 (1) 0.045851 (1) 0.043881 (1) 0.024291 (1) 
Residue: AS4 40   0.997560 (0) 0.001030 (1) 0.000010 (1) 0.001340 (1) 0.000060 (1) 
Residue: LYS 41   0.999260 (3) 0.000740 (2) 
Residue: LYS 42   0.999670 (3) 0.000330 (2) 
Residue: GL4 48   0.991330 (0) 0.004100 (1) 0.000200 (1) 0.004210 (1) 0.000160 (1) 
Residue: LYS 52   0.969929 (3) 0.030071 (2) 
Residue: AS4 58   0.999770 (0) 0.000130 (1) 0.000000 (1) 0.000100 (1) 0.000000 (1) 
Residue: LYS 59   0.999310 (3) 0.000690 (2) 
Residue: LYS 64   0.997550 (3) 0.002450 (2) 
Residue: LYS 69   0.996750 (3) 0.003250 (2) 
Residue: GL4 73   0.868026 (0) 0.055182 (1) 0.003580 (1) 0.061862 (1) 0.011350 (1) 
Residue: AS4 77   0.995920 (0) 0.003000 (1) 0.000000 (1) 0.001010 (1) 0.000070 (1) 
Residue: GL4 78   0.927198 (0) 0.031511 (1) 0.003300 (1) 0.031281 (1) 0.006710 (1) 
Residue: LYS 82   0.999360 (3) 0.000640 (2) 
Residue: AS4 87   0.958289 (0) 0.015360 (1) 0.003280 (1) 0.017351 (1) 0.005720 (1) 
Residue: GL4 93   0.994670 (0) 0.002610 (1) 0.000010 (1) 0.002560 (1) 0.000150 (1) 
Residue: GL4 94   0.914767 (0) 0.032311 (1) 0.008230 (1) 0.032281 (1) 0.012410 (1) 
Residue: HIP 97   0.726242 (2) 0.257458 (1) 0.016300 (1) 
Residue: LYS 99   0.994120 (3) 0.005880 (2) 
Residue: LYS 102  0.999400 (3) 0.000600 (2) 
Residue: LYS 109  0.996270 (3) 0.003730 (2) 
Residue: LYS 111  0.999090 (3) 0.000910 (2) 
Residue: LYS 114  0.997410 (3) 0.002590 (2) 
Residue: AS4 117  0.973709 (0) 0.013290 (1) 0.000480 (1) 0.011340 (1) 0.001180 (1) 
