   Residue Number     State  0     State  1     State  2     State  3     State  4 
-----------------------------------------------------------------------------------
Residue: GL4 4    0.987720 (0) 0.005600 (1) 0.000350 (1) 0.005380 (1) 0.000950 (1) 
Residue: GL4 5    0.994750 (0) 0.002350 (1) 0.000170 (1) 0.002140 (1) 0.000590 (1) 
Residue: LYS 7    0.999570 (3) 0.000430 (2) 
Residue: HIP 11   0.558847 (2) 0.318890 (1) 0.122264 (1) 
Residue: GL4 13   0.899077 (0) 0.026391 (1) 0.009920 (1) 0.034141 (1) 0.030471 (1) 
Residue: LYS 18   0.967889 (3) 0.032111 (2) 
Residue: GL4 20   0.893007 (0) 0.043601 (1) 0.002060 (1) 0.059182 (1) 0.002150 (1) 
Residue: AS4 24   0.999380 (0) 0.000230 (1) 0.000000 (1) 0.000390 (1) 0.000000 (1) 
Residue: LYS 27   0.995670 (3) 0.004330 (2) 
Residue: AS4 30   0.978699 (0) 0.007360 (1) 0.000330 (1) 0.013170 (1) 0.000440 (1) 
Residue: GL4 33   0.956669 (0) 0.016911 (1) 0.004160 (1) 0.017311 (1) 0.004950 (1) 
Residue: AS4 37   0.993020 (0) 0.003890 (1) 0.000330 (1) 0.002130 (1) 0.000630 (1) 
Residue: GL4 39   0.935068 (0) 0.017011 (1) 0.018221 (1) 0.018051 (1) 0.011650 (1) 
Residue: AS4 40   0.998920 (0) 0.000410 (1) 0.000020 (1) 0.000610 (1) 0.000040 (1) 
Residue: LYS 41   0.998450 (3) 0.001550 (2) 
Residue: LYS 42   0.999350 (3) 0.000650 (2) 
Residue: GL4 48   0.994580 (0) 0.002790 (1) 0.000080 (1) 0.002360 (1) 0.000190 (1) 
Residue: LYS 52   0.933518 (3) 0.066482 (2) 
Residue: AS4 58   0.999960 (0) 0.000020 (1) 0.000000 (1) 0.000020 (1) 0.000000 (1) 
Residue: LYS 59   0.997060 (3) 0.002940 (2) 
Residue: LYS 64   0.993450 (3) 0.006550 (2) 
Residue: LYS 69   0.994480 (3) 0.005520 (2) 
Residue: GL4 73   0.932168 (0) 0.026671 (1) 0.001450 (1) 0.032501 (1) 0.007210 (1) 
Residue: AS4 77   0.998930 (0) 0.000770 (1) 0.000000 (1) 0.000270 (1) 0.000030 (1) 
Residue: GL4 78   0.958789 (0) 0.020021 (1) 0.000710 (1) 0.019471 (1) 0.001010 (1) 
Residue: LYS 82   0.998930 (3) 0.001070 (2) 
Residue: AS4 87   0.981489 (0) 0.006770 (1) 0.000830 (1) 0.008080 (1) 0.002830 (1) 
Residue: GL4 93   0.997930 (0) 0.000970 (1) 0.000000 (1) 0.000900 (1) 0.000200 (1) 
Residue: GL4 94   0.970279 (0) 0.012440 (1) 0.002140 (1) 0.012090 (1) 0.003050 (1) 
Residue: HIP 97   0.474794 (2) 0.493445 (1) 0.031761 (1) 
Residue: LYS 99   0.989350 (3) 0.010650 (2) 
Residue: LYS 102  0.998500 (3) 0.001500 (2) 
Residue: LYS 109  0.994920 (3) 0.005080 (2) 
Residue: LYS 111  0.997930 (3) 0.002070 (2) 
Residue: LYS 114  0.996230 (3) 0.003770 (2) 
Residue: AS4 117  0.985020 (0) 0.007860 (1) 0.000250 (1) 0.006420 (1) 0.000450 (1) 
