   Residue Number     State  0     State  1     State  2     State  3     State  4 
-----------------------------------------------------------------------------------
Residue: GL4 4    0.995680 (0) 0.002080 (1) 0.000090 (1) 0.001750 (1) 0.000400 (1) 
Residue: GL4 5    0.998010 (0) 0.000680 (1) 0.000040 (1) 0.001050 (1) 0.000220 (1) 
Residue: LYS 7    0.999140 (3) 0.000860 (2) 
Residue: HIP 11   0.327050 (2) 0.480804 (1) 0.192146 (1) 
Residue: GL4 13   0.956859 (0) 0.010520 (1) 0.003190 (1) 0.013970 (1) 0.015460 (1) 
Residue: LYS 18   0.918418 (3) 0.081582 (2) 
Residue: GL4 20   0.956289 (0) 0.018241 (1) 0.000730 (1) 0.023991 (1) 0.000750 (1) 
Residue: AS4 24   0.999800 (0) 0.000040 (1) 0.000000 (1) 0.000160 (1) 0.000000 (1) 
Residue: LYS 27   0.991170 (3) 0.008830 (2) 
Residue: AS4 30   0.990650 (0) 0.002960 (1) 0.000100 (1) 0.006070 (1) 0.000220 (1) 
Residue: GL4 33   0.983680 (0) 0.006470 (1) 0.001350 (1) 0.005920 (1) 0.002580 (1) 
Residue: AS4 37   0.996140 (0) 0.001600 (1) 0.000940 (1) 0.000510 (1) 0.000810 (1) 
Residue: GL4 39   0.973209 (0) 0.006580 (1) 0.008020 (1) 0.006430 (1) 0.005760 (1) 
Residue: AS4 40   0.999630 (0) 0.000060 (1) 0.000020 (1) 0.000260 (1) 0.000030 (1) 
Residue: LYS 41   0.996790 (3) 0.003210 (2) 
Residue: LYS 42   0.998240 (3) 0.001760 (2) 
Residue: GL4 48   0.997140 (0) 0.001350 (1) 0.000110 (1) 0.001210 (1) 0.000190 (1) 
Residue: LYS 52   0.847325 (3) 0.152675 (2) 
Residue: AS4 58   1.000000 (0) 0.000000 (1) 0.000000 (1) 0.000000 (1) 0.000000 (1) 
Residue: LYS 59   0.993600 (3) 0.006400 (2) 
Residue: LYS 64   0.983990 (3) 0.016010 (2) 
Residue: LYS 69   0.991370 (3) 0.008630 (2) 
Residue: GL4 73   0.970949 (0) 0.011590 (1) 0.000640 (1) 0.011070 (1) 0.005750 (1) 
Residue: AS4 77   0.999560 (0) 0.000270 (1) 0.000000 (1) 0.000170 (1) 0.000000 (1) 
Residue: GL4 78   0.972319 (0) 0.015450 (1) 0.000110 (1) 0.011800 (1) 0.000320 (1) 
Residue: LYS 82   0.997610 (3) 0.002390 (2) 
Residue: AS4 87   0.991280 (0) 0.003930 (1) 0.000150 (1) 0.003330 (1) 0.001310 (1) 
Residue: GL4 93   0.998900 (0) 0.000390 (1) 0.000000 (1) 0.000530 (1) 0.000180 (1) 
Residue: GL4 94   0.990190 (0) 0.004470 (1) 0.000620 (1) 0.004050 (1) 0.000670 (1) 
Residue: HIP 97   0.218277 (2) 0.736882 (1) 0.044841 (1) 
Residue: LYS 99   0.977919 (3) 0.022081 (2) 
Residue: LYS 102  0.996510 (3) 0.003490 (2) 
Residue: LYS 109  0.991720 (3) 0.008280 (2) 
Residue: LYS 111  0.994700 (3) 0.005300 (2) 
Residue: LYS 114  0.994410 (3) 0.005590 (2) 
Residue: AS4 117  0.992020 (0) 0.003720 (1) 0.000110 (1) 0.003990 (1) 0.000160 (1) 
