   Residue Number     State  0     State  1     State  2     State  3     State  4 
-----------------------------------------------------------------------------------
Residue: GL4 4    0.998370 (0) 0.000890 (1) 0.000010 (1) 0.000600 (1) 0.000130 (1) 
Residue: GL4 5    0.999360 (0) 0.000260 (1) 0.000000 (1) 0.000250 (1) 0.000130 (1) 
Residue: LYS 7    0.998210 (3) 0.001790 (2) 
Residue: HIP 11   0.137334 (2) 0.611148 (1) 0.251518 (1) 
Residue: GL4 13   0.981519 (0) 0.004830 (1) 0.000750 (1) 0.005880 (1) 0.007020 (1) 
Residue: LYS 18   0.815954 (3) 0.184046 (2) 
Residue: GL4 20   0.984170 (0) 0.007670 (1) 0.000270 (1) 0.007670 (1) 0.000220 (1) 
Residue: AS4 24   0.999900 (0) 0.000030 (1) 0.000000 (1) 0.000070 (1) 0.000000 (1) 
Residue: LYS 27   0.982119 (3) 0.017881 (2) 
Residue: AS4 30   0.995530 (0) 0.000840 (1) 0.000100 (1) 0.003450 (1) 0.000080 (1) 
Residue: GL4 33   0.994240 (0) 0.002310 (1) 0.000370 (1) 0.002280 (1) 0.000800 (1) 
Residue: AS4 37   0.997140 (0) 0.000480 (1) 0.001200 (1) 0.000170 (1) 0.001010 (1) 
Residue: GL4 39   0.988650 (0) 0.002510 (1) 0.003290 (1) 0.002680 (1) 0.002870 (1) 
Residue: AS4 40   0.999840 (0) 0.000010 (1) 0.000000 (1) 0.000150 (1) 0.000000 (1) 
Residue: LYS 41   0.992470 (3) 0.007530 (2) 
Residue: LYS 42   0.994740 (3) 0.005260 (2) 
Residue: GL4 48   0.998700 (0) 0.000470 (1) 0.000240 (1) 0.000450 (1) 0.000140 (1) 
Residue: LYS 52   0.701091 (3) 0.298909 (2) 
Residue: AS4 58   1.000000 (0) 0.000000 (1) 0.000000 (1) 0.000000 (1) 0.000000 (1) 
Residue: LYS 59   0.989810 (3) 0.010190 (2) 
Residue: LYS 64   0.965009 (3) 0.034991 (2) 
Residue: LYS 69   0.985460 (3) 0.014540 (2) 
Residue: GL4 73   0.985300 (0) 0.005780 (1) 0.000350 (1) 0.003720 (1) 0.004850 (1) 
Residue: AS4 77   0.999850 (0) 0.000080 (1) 0.000000 (1) 0.000070 (1) 0.000000 (1) 
Residue: GL4 78   0.986250 (0) 0.008540 (1) 0.000100 (1) 0.005050 (1) 0.000060 (1) 
Residue: LYS 82   0.993250 (3) 0.006750 (2) 
Residue: AS4 87   0.995360 (0) 0.002580 (1) 0.000090 (1) 0.001190 (1) 0.000780 (1) 
Residue: GL4 93   0.999590 (0) 0.000170 (1) 0.000000 (1) 0.000100 (1) 0.000140 (1) 
Residue: GL4 94   0.996700 (0) 0.001530 (1) 0.000220 (1) 0.001410 (1) 0.000140 (1) 
Residue: HIP 97   0.079762 (2) 0.871396 (1) 0.048841 (1) 
Residue: LYS 99   0.962279 (3) 0.037721 (2) 
Residue: LYS 102  0.990900 (3) 0.009100 (2) 
Residue: LYS 109  0.986020 (3) 0.013980 (2) 
Residue: LYS 111  0.988770 (3) 0.011230 (2) 
Residue: LYS 114  0.988210 (3) 0.011790 (2) 
Residue: AS4 117  0.996070 (0) 0.001790 (1) 0.000140 (1) 0.001960 (1) 0.000040 (1) 
