       0.000           0.0000
       1.000         282.5020
       2.000         581.2410
       3.000         898.8986
       4.000        1200.2639
       5.000        1498.7621
       6.000        1814.3405
       7.000        2124.2485
       8.000        2434.0034
       9.000        2705.7944
      10.000        3012.8794
      11.000        3292.6699
      12.000        3664.4680
      13.000        3966.0837
      14.000        4253.7500
      15.000        4629.4854
      16.000        4838.1704
      17.000        5154.5181
      18.000        5493.1548
      19.000        5770.0337
      20.000        6032.3462
      21.000        6290.7437
      22.000        6394.5801
      23.000        6620.7534
      24.000        6648.6699
      25.000        6869.7534
      26.000        6945.1548
      27.000        7152.2954
      28.000        7232.1196
      29.000        7477.8047
      30.000        7673.0298
      31.000        7729.8521
      32.000        7835.6631
      33.000        8049.5405
      34.000        8170.8057
      35.000        8381.8994
      36.000        8537.8564
      37.000        8671.6953
      38.000        8833.4092
      39.000        8952.1885
      40.000        9241.6035
      41.000        9130.8184
      42.000        9054.0410
      43.000        9097.9004
      44.000        9197.6338
      45.000        9124.2861
      46.000        9133.5947
      47.000        9157.5479
      48.000        9130.9805
      49.000        9216.6514
      50.000        9163.3701
      51.000        9201.0742
      52.000        9172.3955
      53.000        9201.6660
      54.000        9200.8691
      55.000        9124.8457
      56.000        9242.1035
      57.000        9114.4375
      58.000        9231.3428
      59.000        9149.0752
      60.000        9291.4033
      61.000        9177.2676
      62.000        9005.4238
      63.000        9340.8604
      64.000        9254.0059
      65.000        9156.1240
      66.000        9087.5068
      67.000        9146.8408
      68.000        9177.7002
      69.000        9148.0361
      70.000        9266.8340
      71.000        9080.2402
      72.000        9323.1738
      73.000        9154.1514
      74.000        9196.5967
      75.000        9243.1836
      76.000        9207.0664
      77.000        9286.8086
      78.000        9265.2832
      79.000        9213.1191
      80.000        9156.3096
      81.000        9107.4717
      82.000        9197.3125
      83.000        9269.0977
      84.000        9150.9590
      85.000        9220.1006
      86.000        9239.4600
      87.000        9272.3506
      88.000        9141.4238
      89.000        9228.9912
      90.000        9237.7285
      91.000        9063.0273
      92.000        9248.7012
      93.000        9108.8799
      94.000        9114.3037
      95.000        9289.2168
      96.000        9181.2676
      97.000        9176.4004
      98.000        9186.9111
      99.000        9132.7109
     100.000        9273.0557
     101.000        9132.4980
     102.000        9037.0156
     103.000        9112.4668
     104.000        9068.8418
     105.000        9322.7168
     106.000        9268.4463
     107.000        9160.6328
     108.000        9200.6846
     109.000        9268.7012
     110.000        9262.4473
     111.000        9100.4844
     112.000        9164.9639
     113.000        9156.6475
     114.000        9132.1895
     115.000        9215.8965
     116.000        9074.6592
     117.000        9175.8496
     118.000        9131.5312
     119.000        9219.1191
     120.000        9150.7686
     121.000        9204.1299
     122.000        9224.8594
     123.000        9206.5791
     124.000        9110.3555
     125.000        9205.7158
     126.000        9245.3506
     127.000        9135.1221
     128.000        9057.6709
     129.000        8989.0322
     130.000        9182.6602
     131.000        9215.6465
     132.000        9152.5273
     133.000        9099.1309
     134.000        9173.1191
     135.000        9144.7383
     136.000        9153.4268
     137.000        9177.1738
     138.000        9180.7764
     139.000        9246.1328
     140.000        9244.8633
