       0.000      -53833.9804
       1.000      -54077.1837
       2.000      -53885.1742
       3.000      -53687.3800
       4.000      -53450.3621
       5.000      -53190.3359
       6.000      -52961.4673
       7.000      -52719.1479
       8.000      -52434.3003
       9.000      -52186.4273
      10.000      -51988.6753
      11.000      -51726.8835
      12.000      -51455.8031
      13.000      -51130.5263
      14.000      -50866.9772
      15.000      -50601.6372
      16.000      -50312.5239
      17.000      -49906.3262
      18.000      -49619.6099
      19.000      -49142.5636
      20.000      -48813.8124
      21.000      -48542.8829
      22.000      -48316.7363
      23.000      -48173.1348
      24.000      -47915.3179
      25.000      -47673.4393
      26.000      -47436.8810
      27.000      -47026.7208
      28.000      -46664.4362
      29.000      -46415.4905
      30.000      -46086.7078
      31.000      -45855.3685
      32.000      -45487.7217
      33.000      -45274.9156
      34.000      -44742.6110
      35.000      -44420.9659
      36.000      -44106.1293
      37.000      -43778.8232
      38.000      -43762.3653
      39.000      -43316.9179
      40.000      -42767.3176
      41.000      -42833.1910
      42.000      -42733.6607
      43.000      -42831.8736
      44.000      -42879.4333
      45.000      -43027.2421
      46.000      -42902.8025
      47.000      -42862.7427
      48.000      -42914.8033
      49.000      -42778.4361
      50.000      -42728.6009
      51.000      -42863.5647
      52.000      -42639.6429
      53.000      -42798.2188
      54.000      -42846.6407
      55.000      -42856.9953
      56.000      -42832.2385
      57.000      -42888.5566
      58.000      -42851.4555
      59.000      -42615.9509
      60.000      -42786.8578
      61.000      -42687.5406
      62.000      -42758.5812
      63.000      -42704.3816
      64.000      -42889.6354
      65.000      -42844.6180
      66.000      -42806.4283
      67.000      -42906.6008
      68.000      -42929.9023
      69.000      -42783.1569
      70.000      -42858.8819
      71.000      -42804.4543
      72.000      -42799.0472
      73.000      -43018.8630
      74.000      -42790.8164
      75.000      -42728.0032
      76.000      -42895.5219
      77.000      -42947.9632
      78.000      -42873.8532
      79.000      -42922.1345
      80.000      -42999.9385
      81.000      -42784.3460
      82.000      -43192.8916
      83.000      -42862.3137
      84.000      -42795.4610
      85.000      -43126.8863
      86.000      -43009.4850
      87.000      -42986.2615
      88.000      -43086.1896
      89.000      -43040.8120
      90.000      -43093.6803
      91.000      -43054.8697
      92.000      -42956.9012
      93.000      -42815.5069
      94.000      -42881.7326
      95.000      -43104.0489
      96.000      -42999.8569
      97.000      -43172.2013
      98.000      -43015.2085
      99.000      -43178.8739
     100.000      -43156.9945
     101.000      -43012.0052
     102.000      -43056.5620
     103.000      -43053.2211
     104.000      -43044.7263
     105.000      -43058.7780
     106.000      -43181.3656
     107.000      -43107.0578
     108.000      -43116.8915
     109.000      -43203.8597
     110.000      -43097.9823
     111.000      -43024.9614
     112.000      -43098.4475
     113.000      -43271.0863
     114.000      -43096.2385
     115.000      -43300.0106
     116.000      -42906.0236
     117.000      -42950.8452
     118.000      -43035.5394
     119.000      -43123.5835
     120.000      -43168.5479
     121.000      -43228.2592
     122.000      -43301.0762
     123.000      -43267.3788
     124.000      -42976.3482
     125.000      -43122.8196
     126.000      -43290.1856
     127.000      -43188.8260
     128.000      -42993.8365
     129.000      -43043.3972
     130.000      -43231.0866
     131.000      -43131.9151
     132.000      -43181.9872
     133.000      -43145.6450
     134.000      -43266.0810
     135.000      -43014.2426
     136.000      -43128.4640
     137.000      -43075.4271
     138.000      -43230.8479
     139.000      -43083.4601
     140.000      -43074.0376
