       0.000       0.00
       1.000       9.23
       2.000      19.00
       3.000      29.38
       4.000      39.23
       5.000      48.99
       6.000      59.30
       7.000      69.43
       8.000      79.56
       9.000      88.44
      10.000      98.48
      11.000     107.63
      12.000     119.78
      13.000     129.64
      14.000     139.04
      15.000     151.32
      16.000     158.14
      17.000     168.48
      18.000     179.55
      19.000     188.60
      20.000     197.18
      21.000     205.62
      22.000     209.02
      23.000     216.41
      24.000     217.32
      25.000     224.55
      26.000     227.01
      27.000     233.78
      28.000     236.39
      29.000     244.42
      30.000     250.80
      31.000     252.66
      32.000     256.12
      33.000     263.11
      34.000     267.07
      35.000     273.97
      36.000     279.07
      37.000     283.45
      38.000     288.73
      39.000     292.61
      40.000     302.07
      41.000     298.45
      42.000     295.94
      43.000     297.38
      44.000     300.64
      45.000     298.24
      46.000     298.54
      47.000     299.33
      48.000     298.46
      49.000     301.26
      50.000     299.52
      51.000     300.75
      52.000     299.81
      53.000     300.77
      54.000     300.74
      55.000     298.26
      56.000     302.09
      57.000     297.92
      58.000     301.74
      59.000     299.05
      60.000     303.70
      61.000     299.97
      62.000     294.35
      63.000     305.32
      64.000     302.48
      65.000     299.28
      66.000     297.04
      67.000     298.98
      68.000     299.99
      69.000     299.02
      70.000     302.90
      71.000     296.80
      72.000     304.74
      73.000     299.22
      74.000     300.60
      75.000     302.13
      76.000     300.95
      77.000     303.55
      78.000     302.85
      79.000     301.14
      80.000     299.29
      81.000     297.69
      82.000     300.63
      83.000     302.97
      84.000     299.11
      85.000     301.37
      86.000     302.00
      87.000     303.08
      88.000     298.80
      89.000     301.66
      90.000     301.95
      91.000     296.24
      92.000     302.31
      93.000     297.74
      94.000     297.91
      95.000     303.63
      96.000     300.10
      97.000     299.94
      98.000     300.29
      99.000     298.51
     100.000     303.10
     101.000     298.51
     102.000     295.39
     103.000     297.85
     104.000     296.43
     105.000     304.73
     106.000     302.95
     107.000     299.43
     108.000     300.74
     109.000     302.96
     110.000     302.76
     111.000     297.46
     112.000     299.57
     113.000     299.30
     114.000     298.50
     115.000     301.23
     116.000     296.62
     117.000     299.93
     118.000     298.48
     119.000     301.34
     120.000     299.11
     121.000     300.85
     122.000     301.53
     123.000     300.93
     124.000     297.78
     125.000     300.90
     126.000     302.20
     127.000     298.59
     128.000     296.06
     129.000     293.82
     130.000     300.15
     131.000     301.23
     132.000     299.16
     133.000     297.42
     134.000     299.84
     135.000     298.91
     136.000     299.19
     137.000     299.97
     138.000     300.09
     139.000     302.22
     140.000     302.18
