   Residue Number     State  0     State  1     State  2     State  3     State  4 
-----------------------------------------------------------------------------------
Residue: GL4 4    0.165760 (0) 0.390014 (1) 0.044651 (1) 0.358926 (1) 0.040650 (1) 
Residue: GL4 5    0.317516 (0) 0.326398 (1) 0.017644 (1) 0.323838 (1) 0.014604 (1) 
Residue: LYS 7    0.999200 (3) 0.000800 (2) 
Residue: HIP 11   0.993999 (2) 0.002321 (1) 0.003681 (1) 
Residue: GL4 13   0.009442 (0) 0.213931 (1) 0.380611 (1) 0.218052 (1) 0.177963 (1) 
Residue: LYS 18   0.999480 (3) 0.000520 (2) 
Residue: GL4 20   0.005321 (0) 0.444747 (1) 0.056133 (1) 0.438625 (1) 0.055173 (1) 
Residue: AS4 24   0.534808 (0) 0.174802 (1) 0.006642 (1) 0.276866 (1) 0.006882 (1) 
Residue: LYS 27   0.999920 (3) 0.000080 (2) 
Residue: AS4 30   0.584660 (0) 0.209610 (1) 0.023286 (1) 0.172561 (1) 0.009882 (1) 
Residue: GL4 33   0.036529 (0) 0.437545 (1) 0.064696 (1) 0.382332 (1) 0.078899 (1) 
Residue: AS4 37   0.705089 (0) 0.138473 (1) 0.002401 (1) 0.151396 (1) 0.002641 (1) 
Residue: GL4 39   0.033088 (0) 0.381692 (1) 0.064896 (1) 0.388253 (1) 0.132072 (1) 
Residue: AS4 40   0.836801 (0) 0.072497 (1) 0.001120 (1) 0.087941 (1) 0.001640 (1) 
Residue: LYS 41   1.000000 (3) 0.000000 (2) 
Residue: LYS 42   1.000000 (3) 0.000000 (2) 
Residue: GL4 48   0.879491 (0) 0.058214 (1) 0.001560 (1) 0.059774 (1) 0.000960 (1) 
Residue: LYS 52   0.999600 (3) 0.000400 (2) 
Residue: AS4 58   0.982276 (0) 0.009442 (1) 0.000080 (1) 0.008202 (1) 0.000000 (1) 
Residue: LYS 59   1.000000 (3) 0.000000 (2) 
Residue: LYS 64   1.000000 (3) 0.000000 (2) 
Residue: LYS 69   0.999120 (3) 0.000880 (2) 
Residue: GL4 73   0.392854 (0) 0.246379 (1) 0.025406 (1) 0.315516 (1) 0.019845 (1) 
Residue: AS4 77   0.619989 (0) 0.229975 (1) 0.004161 (1) 0.143674 (1) 0.002201 (1) 
Residue: GL4 78   0.174522 (0) 0.467072 (1) 0.033048 (1) 0.303273 (1) 0.022085 (1) 
Residue: LYS 82   1.000000 (3) 0.000000 (2) 
Residue: AS4 87   0.180163 (0) 0.307674 (1) 0.155317 (1) 0.289630 (1) 0.067216 (1) 
Residue: GL4 93   0.434744 (0) 0.276946 (1) 0.022926 (1) 0.258502 (1) 0.006882 (1) 
Residue: GL4 94   0.047171 (0) 0.407738 (1) 0.078779 (1) 0.395295 (1) 0.071017 (1) 
Residue: HIP 97   0.991718 (2) 0.007602 (1) 0.000680 (1) 
Residue: LYS 99   0.999880 (3) 0.000120 (2) 
Residue: LYS 102  1.000000 (3) 0.000000 (2) 
Residue: LYS 109  0.999800 (3) 0.000200 (2) 
Residue: LYS 111  1.000000 (3) 0.000000 (2) 
Residue: LYS 114  1.000000 (3) 0.000000 (2) 
Residue: AS4 117  0.253621 (0) 0.260022 (1) 0.000160 (1) 0.484636 (1) 0.001560 (1) 
