   Residue Number     State  0     State  1     State  2     State  3     State  4 
-----------------------------------------------------------------------------------
Residue: GL4 4    0.305433 (0) 0.320357 (1) 0.033648 (1) 0.303673 (1) 0.036889 (1) 
Residue: GL4 5    0.489838 (0) 0.222773 (1) 0.012483 (1) 0.259102 (1) 0.015804 (1) 
Residue: LYS 7    0.998280 (3) 0.001720 (2) 
Residue: HIP 11   0.978075 (2) 0.006962 (1) 0.014964 (1) 
Residue: GL4 13   0.020165 (0) 0.248380 (1) 0.362607 (1) 0.197607 (1) 0.171241 (1) 
Residue: LYS 18   0.999160 (3) 0.000840 (2) 
Residue: GL4 20   0.015764 (0) 0.443827 (1) 0.043210 (1) 0.432624 (1) 0.064575 (1) 
Residue: AS4 24   0.757982 (0) 0.107626 (1) 0.009162 (1) 0.123310 (1) 0.001920 (1) 
Residue: LYS 27   0.999800 (3) 0.000200 (2) 
Residue: AS4 30   0.775026 (0) 0.103905 (1) 0.019845 (1) 0.091422 (1) 0.009802 (1) 
Residue: GL4 33   0.067376 (0) 0.409058 (1) 0.092182 (1) 0.363367 (1) 0.068016 (1) 
Residue: AS4 37   0.762023 (0) 0.086861 (1) 0.001400 (1) 0.147755 (1) 0.001960 (1) 
Residue: GL4 39   0.083700 (0) 0.338361 (1) 0.092622 (1) 0.333640 (1) 0.151676 (1) 
Residue: AS4 40   0.911619 (0) 0.038889 (1) 0.000600 (1) 0.047411 (1) 0.001480 (1) 
Residue: LYS 41   1.000000 (3) 0.000000 (2) 
Residue: LYS 42   1.000000 (3) 0.000000 (2) 
Residue: GL4 48   0.937625 (0) 0.030807 (1) 0.001640 (1) 0.027727 (1) 0.002201 (1) 
Residue: LYS 52   0.998440 (3) 0.001560 (2) 
Residue: AS4 58   0.993158 (0) 0.003961 (1) 0.000000 (1) 0.002881 (1) 0.000000 (1) 
Residue: LYS 59   1.000000 (3) 0.000000 (2) 
Residue: LYS 64   1.000000 (3) 0.000000 (2) 
Residue: LYS 69   0.999120 (3) 0.000880 (2) 
Residue: GL4 73   0.476354 (0) 0.230495 (1) 0.021925 (1) 0.255221 (1) 0.016004 (1) 
Residue: AS4 77   0.823238 (0) 0.104265 (1) 0.001520 (1) 0.069497 (1) 0.001480 (1) 
Residue: GL4 78   0.291270 (0) 0.462191 (1) 0.026446 (1) 0.202489 (1) 0.017604 (1) 
Residue: LYS 82   1.000000 (3) 0.000000 (2) 
Residue: AS4 87   0.366288 (0) 0.261823 (1) 0.089301 (1) 0.242218 (1) 0.040370 (1) 
Residue: GL4 93   0.653277 (0) 0.179883 (1) 0.007482 (1) 0.153317 (1) 0.006041 (1) 
Residue: GL4 94   0.088941 (0) 0.374130 (1) 0.099344 (1) 0.361327 (1) 0.076258 (1) 
Residue: HIP 97   0.985957 (2) 0.011643 (1) 0.002401 (1) 
Residue: LYS 99   0.999840 (3) 0.000160 (2) 
Residue: LYS 102  1.000000 (3) 0.000000 (2) 
Residue: LYS 109  0.997399 (3) 0.002601 (2) 
Residue: LYS 111  1.000000 (3) 0.000000 (2) 
Residue: LYS 114  1.000000 (3) 0.000000 (2) 
Residue: AS4 117  0.367408 (0) 0.248140 (1) 0.000200 (1) 0.382892 (1) 0.001360 (1) 
