   Residue Number     State  0     State  1     State  2     State  3     State  4 
-----------------------------------------------------------------------------------
Residue: GL4 4    0.510923 (0) 0.221773 (1) 0.029207 (1) 0.213451 (1) 0.024646 (1) 
Residue: GL4 5    0.677283 (0) 0.136313 (1) 0.010322 (1) 0.167960 (1) 0.008122 (1) 
Residue: LYS 7    0.998640 (3) 0.001360 (2) 
Residue: HIP 11   0.965792 (2) 0.013163 (1) 0.021045 (1) 
Residue: GL4 13   0.052893 (0) 0.244059 (1) 0.348684 (1) 0.198008 (1) 0.156358 (1) 
Residue: LYS 18   0.998600 (3) 0.001400 (2) 
Residue: GL4 20   0.045011 (0) 0.423502 (1) 0.041610 (1) 0.438185 (1) 0.051692 (1) 
Residue: AS4 24   0.891614 (0) 0.045691 (1) 0.005041 (1) 0.056894 (1) 0.000760 (1) 
Residue: LYS 27   0.999960 (3) 0.000040 (2) 
Residue: AS4 30   0.842562 (0) 0.064135 (1) 0.015724 (1) 0.069817 (1) 0.007762 (1) 
Residue: GL4 33   0.158318 (0) 0.370129 (1) 0.085621 (1) 0.321717 (1) 0.064215 (1) 
Residue: AS4 37   0.871089 (0) 0.049652 (1) 0.000520 (1) 0.078099 (1) 0.000640 (1) 
Residue: GL4 39   0.145395 (0) 0.279107 (1) 0.107506 (1) 0.278387 (1) 0.189606 (1) 
Residue: AS4 40   0.949388 (0) 0.020565 (1) 0.000360 (1) 0.028807 (1) 0.000880 (1) 
Residue: LYS 41   0.999960 (3) 0.000040 (2) 
Residue: LYS 42   1.000000 (3) 0.000000 (2) 
Residue: GL4 48   0.960110 (0) 0.018925 (1) 0.001480 (1) 0.017404 (1) 0.002080 (1) 
Residue: LYS 52   0.997079 (3) 0.002921 (2) 
Residue: AS4 58   0.996599 (0) 0.001480 (1) 0.000000 (1) 0.001920 (1) 0.000000 (1) 
Residue: LYS 59   1.000000 (3) 0.000000 (2) 
Residue: LYS 64   0.999800 (3) 0.000200 (2) 
Residue: LYS 69   0.998480 (3) 0.001520 (2) 
Residue: GL4 73   0.471553 (0) 0.246859 (1) 0.016284 (1) 0.247579 (1) 0.017724 (1) 
Residue: AS4 77   0.911299 (0) 0.052012 (1) 0.000560 (1) 0.035529 (1) 0.000600 (1) 
Residue: GL4 78   0.445387 (0) 0.358766 (1) 0.025086 (1) 0.150436 (1) 0.020325 (1) 
Residue: LYS 82   1.000000 (3) 0.000000 (2) 
Residue: AS4 87   0.587061 (0) 0.183924 (1) 0.039489 (1) 0.170801 (1) 0.018724 (1) 
Residue: GL4 93   0.815836 (0) 0.093983 (1) 0.002881 (1) 0.083700 (1) 0.003601 (1) 
Residue: GL4 94   0.182564 (0) 0.326398 (1) 0.098944 (1) 0.329039 (1) 0.063055 (1) 
Residue: HIP 97   0.975354 (2) 0.022045 (1) 0.002601 (1) 
Residue: LYS 99   0.999960 (3) 0.000040 (2) 
Residue: LYS 102  0.999920 (3) 0.000080 (2) 
Residue: LYS 109  0.997239 (3) 0.002761 (2) 
Residue: LYS 111  1.000000 (3) 0.000000 (2) 
Residue: LYS 114  1.000000 (3) 0.000000 (2) 
Residue: AS4 117  0.525486 (0) 0.208930 (1) 0.000040 (1) 0.264704 (1) 0.000840 (1) 
