   Residue Number     State  0     State  1     State  2     State  3     State  4 
-----------------------------------------------------------------------------------
Residue: GL4 4    0.716732 (0) 0.125910 (1) 0.015844 (1) 0.126830 (1) 0.014684 (1) 
Residue: GL4 5    0.822717 (0) 0.078619 (1) 0.007642 (1) 0.086461 (1) 0.004561 (1) 
Residue: LYS 7    0.999240 (3) 0.000760 (2) 
Residue: HIP 11   0.966752 (2) 0.011763 (1) 0.021485 (1) 
Residue: GL4 13   0.162399 (0) 0.250100 (1) 0.268224 (1) 0.216492 (1) 0.102785 (1) 
Residue: LYS 18   0.997920 (3) 0.002080 (2) 
Residue: GL4 20   0.126190 (0) 0.381852 (1) 0.040650 (1) 0.406778 (1) 0.044531 (1) 
Residue: AS4 24   0.961391 (0) 0.016004 (1) 0.000880 (1) 0.021685 (1) 0.000040 (1) 
Residue: LYS 27   0.999880 (3) 0.000120 (2) 
Residue: AS4 30   0.846123 (0) 0.050332 (1) 0.022285 (1) 0.075458 (1) 0.005801 (1) 
Residue: GL4 33   0.335721 (0) 0.304913 (1) 0.052613 (1) 0.268384 (1) 0.038369 (1) 
Residue: AS4 37   0.942706 (0) 0.034288 (1) 0.000120 (1) 0.022685 (1) 0.000200 (1) 
Residue: GL4 39   0.238137 (0) 0.199928 (1) 0.145835 (1) 0.206209 (1) 0.209890 (1) 
Residue: AS4 40   0.971353 (0) 0.010443 (1) 0.000080 (1) 0.017844 (1) 0.000280 (1) 
Residue: LYS 41   0.999760 (3) 0.000240 (2) 
Residue: LYS 42   1.000000 (3) 0.000000 (2) 
Residue: GL4 48   0.972553 (0) 0.010603 (1) 0.001720 (1) 0.014243 (1) 0.000880 (1) 
Residue: LYS 52   0.994199 (3) 0.005801 (2) 
Residue: AS4 58   0.998640 (0) 0.000920 (1) 0.000000 (1) 0.000440 (1) 0.000000 (1) 
Residue: LYS 59   1.000000 (3) 0.000000 (2) 
Residue: LYS 64   0.999920 (3) 0.000080 (2) 
Residue: LYS 69   0.998760 (3) 0.001240 (2) 
Residue: GL4 73   0.488117 (0) 0.234736 (1) 0.012803 (1) 0.245659 (1) 0.018684 (1) 
Residue: AS4 77   0.957310 (0) 0.025846 (1) 0.000200 (1) 0.016564 (1) 0.000080 (1) 
Residue: GL4 78   0.643154 (0) 0.198968 (1) 0.026446 (1) 0.108466 (1) 0.022966 (1) 
Residue: LYS 82   0.999880 (3) 0.000120 (2) 
Residue: AS4 87   0.760182 (0) 0.112867 (1) 0.016084 (1) 0.100464 (1) 0.010402 (1) 
Residue: GL4 93   0.904777 (0) 0.050972 (1) 0.002161 (1) 0.041050 (1) 0.001040 (1) 
Residue: GL4 94   0.394095 (0) 0.257342 (1) 0.045971 (1) 0.265504 (1) 0.037089 (1) 
Residue: HIP 97   0.957350 (2) 0.039089 (1) 0.003561 (1) 
Residue: LYS 99   0.999720 (3) 0.000280 (2) 
Residue: LYS 102  0.999720 (3) 0.000280 (2) 
Residue: LYS 109  0.997039 (3) 0.002961 (2) 
Residue: LYS 111  1.000000 (3) 0.000000 (2) 
Residue: LYS 114  0.999960 (3) 0.000040 (2) 
Residue: AS4 117  0.711691 (0) 0.118708 (1) 0.000360 (1) 0.168761 (1) 0.000480 (1) 
