   Residue Number     State  0     State  1     State  2     State  3     State  4 
-----------------------------------------------------------------------------------
Residue: GL4 4    0.866688 (0) 0.060414 (1) 0.006762 (1) 0.060174 (1) 0.005961 (1) 
Residue: GL4 5    0.917420 (0) 0.037569 (1) 0.003441 (1) 0.039770 (1) 0.001800 (1) 
Residue: LYS 7    0.999360 (3) 0.000640 (2) 
Residue: HIP 11   0.969913 (2) 0.017124 (1) 0.012963 (1) 
Residue: GL4 13   0.305713 (0) 0.202449 (1) 0.190446 (1) 0.215452 (1) 0.085941 (1) 
Residue: LYS 18   0.997119 (3) 0.002881 (2) 
Residue: GL4 20   0.288989 (0) 0.327078 (1) 0.030447 (1) 0.316436 (1) 0.037049 (1) 
Residue: AS4 24   0.984236 (0) 0.005241 (1) 0.000120 (1) 0.010202 (1) 0.000200 (1) 
Residue: LYS 27   0.999440 (3) 0.000560 (2) 
Residue: AS4 30   0.892814 (0) 0.038009 (1) 0.017884 (1) 0.049052 (1) 0.002241 (1) 
Residue: GL4 33   0.532648 (0) 0.210370 (1) 0.028607 (1) 0.204049 (1) 0.024326 (1) 
Residue: AS4 37   0.967032 (0) 0.026326 (1) 0.000200 (1) 0.006362 (1) 0.000080 (1) 
Residue: GL4 39   0.380331 (0) 0.136473 (1) 0.149476 (1) 0.133552 (1) 0.200168 (1) 
Residue: AS4 40   0.984156 (0) 0.004801 (1) 0.000360 (1) 0.010523 (1) 0.000160 (1) 
Residue: LYS 41   0.999840 (3) 0.000160 (2) 
Residue: LYS 42   1.000000 (3) 0.000000 (2) 
Residue: GL4 48   0.988397 (0) 0.004601 (1) 0.000240 (1) 0.006762 (1) 0.000000 (1) 
Residue: LYS 52   0.991118 (3) 0.008882 (2) 
Residue: AS4 58   0.999360 (0) 0.000280 (1) 0.000000 (1) 0.000360 (1) 0.000000 (1) 
Residue: LYS 59   0.999880 (3) 0.000120 (2) 
Residue: LYS 64   0.999800 (3) 0.000200 (2) 
Residue: LYS 69   0.998280 (3) 0.001720 (2) 
Residue: GL4 73   0.622269 (0) 0.164439 (1) 0.012843 (1) 0.190646 (1) 0.009802 (1) 
Residue: AS4 77   0.987597 (0) 0.007042 (1) 0.000040 (1) 0.005241 (1) 0.000080 (1) 
Residue: GL4 78   0.806554 (0) 0.088061 (1) 0.012723 (1) 0.076898 (1) 0.015764 (1) 
Residue: LYS 82   0.999840 (3) 0.000160 (2) 
Residue: AS4 87   0.875490 (0) 0.062335 (1) 0.004361 (1) 0.055293 (1) 0.002521 (1) 
Residue: GL4 93   0.962711 (0) 0.018765 (1) 0.001720 (1) 0.016084 (1) 0.000720 (1) 
Residue: GL4 94   0.660358 (0) 0.145195 (1) 0.018965 (1) 0.155757 (1) 0.019725 (1) 
Residue: HIP 97   0.922741 (2) 0.074578 (1) 0.002681 (1) 
Residue: LYS 99   0.999560 (3) 0.000440 (2) 
Residue: LYS 102  0.999480 (3) 0.000520 (2) 
Residue: LYS 109  0.998440 (3) 0.001560 (2) 
Residue: LYS 111  1.000000 (3) 0.000000 (2) 
Residue: LYS 114  0.999800 (3) 0.000200 (2) 
Residue: AS4 117  0.819237 (0) 0.078299 (1) 0.000040 (1) 0.101664 (1) 0.000760 (1) 
