   Residue Number     State  0     State  1     State  2     State  3     State  4 
-----------------------------------------------------------------------------------
Residue: GL4 4    0.934424 (0) 0.028247 (1) 0.002881 (1) 0.030167 (1) 0.004281 (1) 
Residue: GL4 5    0.953629 (0) 0.021245 (1) 0.001600 (1) 0.022445 (1) 0.001080 (1) 
Residue: LYS 7    0.999360 (3) 0.000640 (2) 
Residue: HIP 11   0.957470 (2) 0.035248 (1) 0.007282 (1) 
Residue: GL4 13   0.516564 (0) 0.142914 (1) 0.087901 (1) 0.198928 (1) 0.053693 (1) 
Residue: LYS 18   0.993478 (3) 0.006522 (2) 
Residue: GL4 20   0.522365 (0) 0.216692 (1) 0.015964 (1) 0.220373 (1) 0.024606 (1) 
Residue: AS4 24   0.993678 (0) 0.001920 (1) 0.000000 (1) 0.004241 (1) 0.000160 (1) 
Residue: LYS 27   0.997399 (3) 0.002601 (2) 
Residue: AS4 30   0.920021 (0) 0.031288 (1) 0.014243 (1) 0.033208 (1) 0.001240 (1) 
Residue: GL4 33   0.756542 (0) 0.115588 (1) 0.014003 (1) 0.104145 (1) 0.009722 (1) 
Residue: AS4 37   0.974674 (0) 0.020125 (1) 0.001360 (1) 0.003521 (1) 0.000320 (1) 
Residue: GL4 39   0.576178 (0) 0.078219 (1) 0.116668 (1) 0.082020 (1) 0.146915 (1) 
Residue: AS4 40   0.991878 (0) 0.003641 (1) 0.000160 (1) 0.004241 (1) 0.000080 (1) 
Residue: LYS 41   0.999800 (3) 0.000200 (2) 
Residue: LYS 42   0.999920 (3) 0.000080 (2) 
Residue: GL4 48   0.988077 (0) 0.005201 (1) 0.000200 (1) 0.006482 (1) 0.000040 (1) 
Residue: LYS 52   0.982036 (3) 0.017964 (2) 
Residue: AS4 58   0.999640 (0) 0.000360 (1) 0.000000 (1) 0.000000 (1) 0.000000 (1) 
Residue: LYS 59   0.999840 (3) 0.000160 (2) 
Residue: LYS 64   0.999040 (3) 0.000960 (2) 
Residue: LYS 69   0.998200 (3) 0.001800 (2) 
Residue: GL4 73   0.781508 (0) 0.090862 (1) 0.012283 (1) 0.111227 (1) 0.004121 (1) 
Residue: AS4 77   0.994639 (0) 0.003681 (1) 0.000040 (1) 0.001520 (1) 0.000120 (1) 
Residue: GL4 78   0.924782 (0) 0.027767 (1) 0.004241 (1) 0.028087 (1) 0.015124 (1) 
Residue: LYS 82   0.999760 (3) 0.000240 (2) 
Residue: AS4 87   0.924982 (0) 0.035248 (1) 0.001960 (1) 0.035969 (1) 0.001840 (1) 
Residue: GL4 93   0.977915 (0) 0.008842 (1) 0.004441 (1) 0.007922 (1) 0.000880 (1) 
Residue: GL4 94   0.853045 (0) 0.063815 (1) 0.007842 (1) 0.069057 (1) 0.006241 (1) 
Residue: HIP 97   0.830119 (2) 0.165480 (1) 0.004401 (1) 
Residue: LYS 99   0.999000 (3) 0.001000 (2) 
Residue: LYS 102  0.999040 (3) 0.000960 (2) 
Residue: LYS 109  0.998840 (3) 0.001160 (2) 
Residue: LYS 111  0.999960 (3) 0.000040 (2) 
Residue: LYS 114  0.999360 (3) 0.000640 (2) 
Residue: AS4 117  0.904217 (0) 0.046691 (1) 0.000040 (1) 0.048812 (1) 0.000240 (1) 
