   Residue Number     State  0     State  1     State  2     State  3     State  4 
-----------------------------------------------------------------------------------
Residue: GL4 4    0.973954 (0) 0.013083 (1) 0.001440 (1) 0.011043 (1) 0.000480 (1) 
Residue: GL4 5    0.975994 (0) 0.010883 (1) 0.001440 (1) 0.011043 (1) 0.000640 (1) 
Residue: LYS 7    0.999560 (3) 0.000440 (2) 
Residue: HIP 11   0.900936 (2) 0.084740 (1) 0.014323 (1) 
Residue: GL4 13   0.756862 (0) 0.078139 (1) 0.022845 (1) 0.119989 (1) 0.022165 (1) 
Residue: LYS 18   0.983596 (3) 0.016404 (2) 
Residue: GL4 20   0.745619 (0) 0.114267 (1) 0.009442 (1) 0.115428 (1) 0.015244 (1) 
Residue: AS4 24   0.997879 (0) 0.000880 (1) 0.000040 (1) 0.001160 (1) 0.000040 (1) 
Residue: LYS 27   0.996599 (3) 0.003401 (2) 
Residue: AS4 30   0.958790 (0) 0.017484 (1) 0.006642 (1) 0.016764 (1) 0.000320 (1) 
Residue: GL4 33   0.898656 (0) 0.045891 (1) 0.009322 (1) 0.042650 (1) 0.003481 (1) 
Residue: AS4 37   0.988357 (0) 0.008922 (1) 0.001160 (1) 0.001280 (1) 0.000280 (1) 
Residue: GL4 39   0.803713 (0) 0.036209 (1) 0.048492 (1) 0.040170 (1) 0.071417 (1) 
Residue: AS4 40   0.997679 (0) 0.000800 (1) 0.000000 (1) 0.001480 (1) 0.000040 (1) 
Residue: LYS 41   0.999600 (3) 0.000400 (2) 
Residue: LYS 42   0.999800 (3) 0.000200 (2) 
Residue: GL4 48   0.992078 (0) 0.003441 (1) 0.000000 (1) 0.004361 (1) 0.000120 (1) 
Residue: LYS 52   0.970273 (3) 0.029727 (2) 
Residue: AS4 58   0.999720 (0) 0.000160 (1) 0.000000 (1) 0.000120 (1) 0.000000 (1) 
Residue: LYS 59   0.999840 (3) 0.000160 (2) 
Residue: LYS 64   0.996879 (3) 0.003121 (2) 
Residue: LYS 69   0.997399 (3) 0.002601 (2) 
Residue: GL4 73   0.905337 (0) 0.039770 (1) 0.004281 (1) 0.048772 (1) 0.001840 (1) 
Residue: AS4 77   0.997479 (0) 0.001360 (1) 0.000080 (1) 0.001040 (1) 0.000040 (1) 
Residue: GL4 78   0.973354 (0) 0.007722 (1) 0.001600 (1) 0.009402 (1) 0.007922 (1) 
Residue: LYS 82   0.998920 (3) 0.001080 (2) 
Residue: AS4 87   0.959670 (0) 0.019085 (1) 0.000400 (1) 0.020285 (1) 0.000560 (1) 
Residue: GL4 93   0.988557 (0) 0.003801 (1) 0.003001 (1) 0.004241 (1) 0.000400 (1) 
Residue: GL4 94   0.940826 (0) 0.027447 (1) 0.002721 (1) 0.026966 (1) 0.002040 (1) 
Residue: HIP 97   0.677523 (2) 0.314996 (1) 0.007482 (1) 
Residue: LYS 99   0.997960 (3) 0.002040 (2) 
Residue: LYS 102  0.998840 (3) 0.001160 (2) 
Residue: LYS 109  0.998280 (3) 0.001720 (2) 
Residue: LYS 111  0.999800 (3) 0.000200 (2) 
Residue: LYS 114  0.998840 (3) 0.001160 (2) 
Residue: AS4 117  0.955749 (0) 0.023766 (1) 0.000000 (1) 0.020445 (1) 0.000040 (1) 
