   Residue Number     State  0     State  1     State  2     State  3     State  4 
-----------------------------------------------------------------------------------
Residue: GL4 4    0.989317 (0) 0.004281 (1) 0.000920 (1) 0.005401 (1) 0.000080 (1) 
Residue: GL4 5    0.991798 (0) 0.003881 (1) 0.000640 (1) 0.003601 (1) 0.000080 (1) 
Residue: LYS 7    0.999280 (3) 0.000720 (2) 
Residue: HIP 11   0.784908 (2) 0.182924 (1) 0.032168 (1) 
Residue: GL4 13   0.901416 (0) 0.033008 (1) 0.003561 (1) 0.052813 (1) 0.009202 (1) 
Residue: LYS 18   0.947467 (3) 0.052533 (2) 
Residue: GL4 20   0.887573 (0) 0.050132 (1) 0.003801 (1) 0.052653 (1) 0.005841 (1) 
Residue: AS4 24   0.999240 (0) 0.000480 (1) 0.000000 (1) 0.000280 (1) 0.000000 (1) 
Residue: LYS 27   0.992078 (3) 0.007922 (2) 
Residue: AS4 30   0.978475 (0) 0.010803 (1) 0.002161 (1) 0.008482 (1) 0.000080 (1) 
Residue: GL4 33   0.954069 (0) 0.021765 (1) 0.003641 (1) 0.019085 (1) 0.001440 (1) 
Residue: AS4 37   0.994399 (0) 0.002521 (1) 0.001800 (1) 0.000480 (1) 0.000800 (1) 
Residue: GL4 39   0.924622 (0) 0.015964 (1) 0.017204 (1) 0.017764 (1) 0.024446 (1) 
Residue: AS4 40   0.999080 (0) 0.000560 (1) 0.000000 (1) 0.000360 (1) 0.000000 (1) 
Residue: LYS 41   0.999400 (3) 0.000600 (2) 
Residue: LYS 42   0.999600 (3) 0.000400 (2) 
Residue: GL4 48   0.994359 (0) 0.002161 (1) 0.000040 (1) 0.003401 (1) 0.000040 (1) 
Residue: LYS 52   0.923622 (3) 0.076378 (2) 
Residue: AS4 58   1.000000 (0) 0.000000 (1) 0.000000 (1) 0.000000 (1) 0.000000 (1) 
Residue: LYS 59   0.999320 (3) 0.000680 (2) 
Residue: LYS 64   0.992798 (3) 0.007202 (2) 
Residue: LYS 69   0.995159 (3) 0.004841 (2) 
Residue: GL4 73   0.967192 (0) 0.014203 (1) 0.001240 (1) 0.016804 (1) 0.000560 (1) 
Residue: AS4 77   0.999320 (0) 0.000280 (1) 0.000040 (1) 0.000360 (1) 0.000000 (1) 
Residue: GL4 78   0.990078 (0) 0.002521 (1) 0.000760 (1) 0.004241 (1) 0.002401 (1) 
Residue: LYS 82   0.999040 (3) 0.000960 (2) 
Residue: AS4 87   0.983316 (0) 0.008242 (1) 0.000120 (1) 0.008322 (1) 0.000000 (1) 
Residue: GL4 93   0.997479 (0) 0.000960 (1) 0.000560 (1) 0.001000 (1) 0.000000 (1) 
Residue: GL4 94   0.980555 (0) 0.009402 (1) 0.000920 (1) 0.008322 (1) 0.000800 (1) 
Residue: HIP 97   0.475514 (2) 0.511683 (1) 0.012803 (1) 
Residue: LYS 99   0.994759 (3) 0.005241 (2) 
Residue: LYS 102  0.998440 (3) 0.001560 (2) 
Residue: LYS 109  0.996079 (3) 0.003921 (2) 
Residue: LYS 111  0.999560 (3) 0.000440 (2) 
Residue: LYS 114  0.997159 (3) 0.002841 (2) 
Residue: AS4 117  0.980835 (0) 0.010643 (1) 0.000000 (1) 0.008442 (1) 0.000080 (1) 
