   Residue Number     State  0     State  1     State  2     State  3     State  4 
-----------------------------------------------------------------------------------
Residue: GL4 4    0.995839 (0) 0.002161 (1) 0.000360 (1) 0.001520 (1) 0.000120 (1) 
Residue: GL4 5    0.997519 (0) 0.001080 (1) 0.000080 (1) 0.001200 (1) 0.000120 (1) 
Residue: LYS 7    0.998480 (3) 0.001520 (2) 
Residue: HIP 11   0.477995 (2) 0.434544 (1) 0.087461 (1) 
Residue: GL4 13   0.967592 (0) 0.013123 (1) 0.000640 (1) 0.016084 (1) 0.002561 (1) 
Residue: LYS 18   0.825398 (3) 0.174602 (2) 
Residue: GL4 20   0.954509 (0) 0.019525 (1) 0.001680 (1) 0.022685 (1) 0.001600 (1) 
Residue: AS4 24   0.999720 (0) 0.000200 (1) 0.000000 (1) 0.000040 (1) 0.000040 (1) 
Residue: LYS 27   0.985637 (3) 0.014363 (2) 
Residue: AS4 30   0.984116 (0) 0.008082 (1) 0.000880 (1) 0.005761 (1) 0.001160 (1) 
Residue: GL4 33   0.980595 (0) 0.009482 (1) 0.000960 (1) 0.008122 (1) 0.000840 (1) 
Residue: AS4 37   0.996479 (0) 0.000720 (1) 0.001240 (1) 0.000160 (1) 0.001400 (1) 
Residue: GL4 39   0.979835 (0) 0.005161 (1) 0.004081 (1) 0.006682 (1) 0.004241 (1) 
Residue: AS4 40   0.999080 (0) 0.000640 (1) 0.000000 (1) 0.000280 (1) 0.000000 (1) 
Residue: LYS 41   0.998800 (3) 0.001200 (2) 
Residue: LYS 42   0.998480 (3) 0.001520 (2) 
Residue: GL4 48   0.996439 (0) 0.001200 (1) 0.000040 (1) 0.002040 (1) 0.000280 (1) 
Residue: LYS 52   0.793791 (3) 0.206209 (2) 
Residue: AS4 58   1.000000 (0) 0.000000 (1) 0.000000 (1) 0.000000 (1) 0.000000 (1) 
Residue: LYS 59   0.997839 (3) 0.002161 (2) 
Residue: LYS 64   0.986717 (3) 0.013283 (2) 
Residue: LYS 69   0.992558 (3) 0.007442 (2) 
Residue: GL4 73   0.989918 (0) 0.004081 (1) 0.000320 (1) 0.005481 (1) 0.000200 (1) 
Residue: AS4 77   0.999400 (0) 0.000400 (1) 0.000040 (1) 0.000160 (1) 0.000000 (1) 
Residue: GL4 78   0.994919 (0) 0.001480 (1) 0.000960 (1) 0.001880 (1) 0.000760 (1) 
Residue: LYS 82   0.997759 (3) 0.002241 (2) 
Residue: AS4 87   0.990078 (0) 0.003601 (1) 0.000000 (1) 0.006322 (1) 0.000000 (1) 
Residue: GL4 93   0.999440 (0) 0.000120 (1) 0.000080 (1) 0.000360 (1) 0.000000 (1) 
Residue: GL4 94   0.992838 (0) 0.003201 (1) 0.000440 (1) 0.003321 (1) 0.000200 (1) 
Residue: HIP 97   0.248140 (2) 0.728855 (1) 0.023006 (1) 
Residue: LYS 99   0.991318 (3) 0.008682 (2) 
Residue: LYS 102  0.995919 (3) 0.004081 (2) 
Residue: LYS 109  0.993238 (3) 0.006762 (2) 
Residue: LYS 111  0.996919 (3) 0.003081 (2) 
Residue: LYS 114  0.994759 (3) 0.005241 (2) 
Residue: AS4 117  0.990198 (0) 0.004681 (1) 0.000000 (1) 0.005121 (1) 0.000000 (1) 
