   Residue Number     State  0     State  1     State  2     State  3     State  4 
-----------------------------------------------------------------------------------
Residue: GL4 4    0.998520 (0) 0.001000 (1) 0.000080 (1) 0.000400 (1) 0.000000 (1) 
Residue: GL4 5    0.999240 (0) 0.000440 (1) 0.000000 (1) 0.000320 (1) 0.000000 (1) 
Residue: LYS 7    0.995079 (3) 0.004921 (2) 
Residue: HIP 11   0.167640 (2) 0.712011 (1) 0.120349 (1) 
Residue: GL4 13   0.988517 (0) 0.005121 (1) 0.000280 (1) 0.005401 (1) 0.000680 (1) 
Residue: LYS 18   0.568897 (3) 0.431103 (2) 
Residue: GL4 20   0.984996 (0) 0.006682 (1) 0.000560 (1) 0.007522 (1) 0.000240 (1) 
Residue: AS4 24   0.999920 (0) 0.000040 (1) 0.000000 (1) 0.000040 (1) 0.000000 (1) 
Residue: LYS 27   0.977755 (3) 0.022245 (2) 
Residue: AS4 30   0.987237 (0) 0.005041 (1) 0.000000 (1) 0.002841 (1) 0.004881 (1) 
Residue: GL4 33   0.994239 (0) 0.002921 (1) 0.000160 (1) 0.002321 (1) 0.000360 (1) 
Residue: AS4 37   0.995599 (0) 0.000160 (1) 0.000680 (1) 0.000000 (1) 0.003561 (1) 
Residue: GL4 39   0.995559 (0) 0.001720 (1) 0.000200 (1) 0.002040 (1) 0.000480 (1) 
Residue: AS4 40   0.999640 (0) 0.000280 (1) 0.000040 (1) 0.000040 (1) 0.000000 (1) 
Residue: LYS 41   0.995679 (3) 0.004321 (2) 
Residue: LYS 42   0.997719 (3) 0.002281 (2) 
Residue: GL4 48   0.998480 (0) 0.000520 (1) 0.000160 (1) 0.000720 (1) 0.000120 (1) 
Residue: LYS 52   0.614588 (3) 0.385412 (2) 
Residue: AS4 58   1.000000 (0) 0.000000 (1) 0.000000 (1) 0.000000 (1) 0.000000 (1) 
Residue: LYS 59   0.995279 (3) 0.004721 (2) 
Residue: LYS 64   0.949348 (3) 0.050652 (2) 
Residue: LYS 69   0.977475 (3) 0.022525 (2) 
Residue: GL4 73   0.997799 (0) 0.000840 (1) 0.000120 (1) 0.001240 (1) 0.000000 (1) 
Residue: AS4 77   0.999800 (0) 0.000160 (1) 0.000000 (1) 0.000040 (1) 0.000000 (1) 
Residue: GL4 78   0.996119 (0) 0.001040 (1) 0.002361 (1) 0.000400 (1) 0.000080 (1) 
Residue: LYS 82   0.993638 (3) 0.006362 (2) 
Residue: AS4 87   0.994319 (0) 0.001320 (1) 0.000000 (1) 0.004321 (1) 0.000040 (1) 
Residue: GL4 93   1.000000 (0) 0.000000 (1) 0.000000 (1) 0.000000 (1) 0.000000 (1) 
Residue: GL4 94   0.996279 (0) 0.001720 (1) 0.000200 (1) 0.001760 (1) 0.000040 (1) 
Residue: HIP 97   0.097503 (2) 0.872329 (1) 0.030167 (1) 
Residue: LYS 99   0.984876 (3) 0.015124 (2) 
Residue: LYS 102  0.991078 (3) 0.008922 (2) 
Residue: LYS 109  0.987837 (3) 0.012163 (2) 
Residue: LYS 111  0.990038 (3) 0.009962 (2) 
Residue: LYS 114  0.991878 (3) 0.008122 (2) 
Residue: AS4 117  0.996239 (0) 0.001320 (1) 0.000000 (1) 0.002441 (1) 0.000000 (1) 
