   Residue Number     State  0     State  1     State  2     State  3     State  4 
-----------------------------------------------------------------------------------
Residue: GL4 4    0.122951 (0) 0.431834 (1) 0.029780 (1) 0.386764 (1) 0.028670 (1) 
Residue: GL4 5    0.261863 (0) 0.356704 (1) 0.019910 (1) 0.341893 (1) 0.019630 (1) 
Residue: LYS 7    0.999940 (3) 0.000060 (2) 
Residue: HIP 11   0.997320 (2) 0.002060 (1) 0.000620 (1) 
Residue: GL4 13   0.037920 (0) 0.285263 (1) 0.247802 (1) 0.271953 (1) 0.157062 (1) 
Residue: LYS 18   0.999810 (3) 0.000190 (2) 
Residue: GL4 20   0.013060 (0) 0.447394 (1) 0.045470 (1) 0.456955 (1) 0.037120 (1) 
Residue: AS4 24   0.608466 (0) 0.210422 (1) 0.007100 (1) 0.167832 (1) 0.006180 (1) 
Residue: LYS 27   0.998990 (3) 0.001010 (2) 
Residue: AS4 30   0.211062 (0) 0.404554 (1) 0.023650 (1) 0.335643 (1) 0.025090 (1) 
Residue: GL4 33   0.072051 (0) 0.380874 (1) 0.097121 (1) 0.377544 (1) 0.072411 (1) 
Residue: AS4 37   0.697837 (0) 0.152132 (1) 0.003940 (1) 0.142711 (1) 0.003380 (1) 
Residue: GL4 39   0.040720 (0) 0.415844 (1) 0.054111 (1) 0.421814 (1) 0.067511 (1) 
Residue: AS4 40   0.779888 (0) 0.108121 (1) 0.007410 (1) 0.098381 (1) 0.006200 (1) 
Residue: LYS 41   1.000000 (3) 0.000000 (2) 
Residue: LYS 42   1.000000 (3) 0.000000 (2) 
Residue: GL4 48   0.699477 (0) 0.123731 (1) 0.014200 (1) 0.135891 (1) 0.026700 (1) 
Residue: LYS 52   0.999490 (3) 0.000510 (2) 
Residue: AS4 58   0.917609 (0) 0.040470 (1) 0.000040 (1) 0.041700 (1) 0.000180 (1) 
Residue: LYS 59   1.000000 (3) 0.000000 (2) 
Residue: LYS 64   0.999860 (3) 0.000140 (2) 
Residue: LYS 69   0.999930 (3) 0.000070 (2) 
Residue: GL4 73   0.232722 (0) 0.333793 (1) 0.031340 (1) 0.365594 (1) 0.036550 (1) 
Residue: AS4 77   0.658717 (0) 0.172832 (1) 0.003590 (1) 0.160912 (1) 0.003950 (1) 
Residue: GL4 78   0.238362 (0) 0.343093 (1) 0.032800 (1) 0.349353 (1) 0.036390 (1) 
Residue: LYS 82   0.999970 (3) 0.000030 (2) 
Residue: AS4 87   0.280863 (0) 0.266723 (1) 0.052061 (1) 0.264513 (1) 0.135841 (1) 
Residue: GL4 93   0.606276 (0) 0.194032 (1) 0.009460 (1) 0.179922 (1) 0.010310 (1) 
Residue: GL4 94   0.037090 (0) 0.399454 (1) 0.096821 (1) 0.405864 (1) 0.060771 (1) 
Residue: HIP 97   0.989890 (2) 0.007430 (1) 0.002680 (1) 
Residue: LYS 99   0.999950 (3) 0.000050 (2) 
Residue: LYS 102  0.999950 (3) 0.000050 (2) 
Residue: LYS 109  0.999510 (3) 0.000490 (2) 
Residue: LYS 111  0.999960 (3) 0.000040 (2) 
Residue: LYS 114  0.999630 (3) 0.000370 (2) 
Residue: AS4 117  0.173682 (0) 0.296573 (1) 0.125741 (1) 0.398924 (1) 0.005080 (1) 
