   Residue Number     State  0     State  1     State  2     State  3     State  4 
-----------------------------------------------------------------------------------
Residue: GL4 4    0.248632 (0) 0.370764 (1) 0.023950 (1) 0.334263 (1) 0.022390 (1) 
Residue: GL4 5    0.478755 (0) 0.253183 (1) 0.015850 (1) 0.238482 (1) 0.013730 (1) 
Residue: LYS 7    0.999900 (3) 0.000100 (2) 
Residue: HIP 11   0.995200 (2) 0.003240 (1) 0.001560 (1) 
Residue: GL4 13   0.086011 (0) 0.284743 (1) 0.244612 (1) 0.261763 (1) 0.122871 (1) 
Residue: LYS 18   0.999560 (3) 0.000440 (2) 
Residue: GL4 20   0.030610 (0) 0.442974 (1) 0.041380 (1) 0.449834 (1) 0.035200 (1) 
Residue: AS4 24   0.799938 (0) 0.107841 (1) 0.003560 (1) 0.085931 (1) 0.002730 (1) 
Residue: LYS 27   0.998980 (3) 0.001020 (2) 
Residue: AS4 30   0.278233 (0) 0.366024 (1) 0.022950 (1) 0.310563 (1) 0.022230 (1) 
Residue: GL4 33   0.128931 (0) 0.368894 (1) 0.080781 (1) 0.363284 (1) 0.058111 (1) 
Residue: AS4 37   0.799448 (0) 0.099381 (1) 0.002950 (1) 0.096001 (1) 0.002220 (1) 
Residue: GL4 39   0.083741 (0) 0.370324 (1) 0.078621 (1) 0.374054 (1) 0.093261 (1) 
Residue: AS4 40   0.873989 (0) 0.065651 (1) 0.005240 (1) 0.050971 (1) 0.004150 (1) 
Residue: LYS 41   1.000000 (3) 0.000000 (2) 
Residue: LYS 42   1.000000 (3) 0.000000 (2) 
Residue: GL4 48   0.849858 (0) 0.064941 (1) 0.005000 (1) 0.066221 (1) 0.013980 (1) 
Residue: LYS 52   0.998050 (3) 0.001950 (2) 
Residue: AS4 58   0.973210 (0) 0.013240 (1) 0.000020 (1) 0.013460 (1) 0.000070 (1) 
Residue: LYS 59   0.999960 (3) 0.000040 (2) 
Residue: LYS 64   0.999870 (3) 0.000130 (2) 
Residue: LYS 69   0.999770 (3) 0.000230 (2) 
Residue: GL4 73   0.362134 (0) 0.283693 (1) 0.032310 (1) 0.290403 (1) 0.031460 (1) 
Residue: AS4 77   0.812578 (0) 0.092551 (1) 0.001510 (1) 0.091571 (1) 0.001790 (1) 
Residue: GL4 78   0.343923 (0) 0.283243 (1) 0.032320 (1) 0.308613 (1) 0.031900 (1) 
Residue: LYS 82   1.000000 (3) 0.000000 (2) 
Residue: AS4 87   0.413954 (0) 0.199842 (1) 0.055101 (1) 0.219032 (1) 0.112071 (1) 
Residue: GL4 93   0.775348 (0) 0.112821 (1) 0.008680 (1) 0.099721 (1) 0.003430 (1) 
Residue: GL4 94   0.089811 (0) 0.382424 (1) 0.076151 (1) 0.390634 (1) 0.060981 (1) 
Residue: HIP 97   0.986580 (2) 0.010240 (1) 0.003180 (1) 
Residue: LYS 99   0.999930 (3) 0.000070 (2) 
Residue: LYS 102  0.999920 (3) 0.000080 (2) 
Residue: LYS 109  0.998560 (3) 0.001440 (2) 
Residue: LYS 111  0.999880 (3) 0.000120 (2) 
Residue: LYS 114  0.999700 (3) 0.000300 (2) 
Residue: AS4 117  0.320303 (0) 0.288423 (1) 0.081681 (1) 0.306183 (1) 0.003410 (1) 
