   Residue Number     State  0     State  1     State  2     State  3     State  4 
-----------------------------------------------------------------------------------
Residue: GL4 4    0.394064 (0) 0.291963 (1) 0.019550 (1) 0.276363 (1) 0.018060 (1) 
Residue: GL4 5    0.673447 (0) 0.153422 (1) 0.009870 (1) 0.154242 (1) 0.009020 (1) 
Residue: LYS 7    0.999910 (3) 0.000090 (2) 
Residue: HIP 11   0.990760 (2) 0.006460 (1) 0.002780 (1) 
Residue: GL4 13   0.166972 (0) 0.274713 (1) 0.185442 (1) 0.265783 (1) 0.107091 (1) 
Residue: LYS 18   0.998660 (3) 0.001340 (2) 
Residue: GL4 20   0.074161 (0) 0.413854 (1) 0.040930 (1) 0.438644 (1) 0.032410 (1) 
Residue: AS4 24   0.913389 (0) 0.046310 (1) 0.001320 (1) 0.037880 (1) 0.001100 (1) 
Residue: LYS 27   0.999270 (3) 0.000730 (2) 
Residue: AS4 30   0.399854 (0) 0.306703 (1) 0.019490 (1) 0.251133 (1) 0.022820 (1) 
Residue: GL4 33   0.231492 (0) 0.330183 (1) 0.060361 (1) 0.327973 (1) 0.049990 (1) 
Residue: AS4 37   0.881609 (0) 0.059351 (1) 0.001420 (1) 0.056511 (1) 0.001110 (1) 
Residue: GL4 39   0.152462 (0) 0.312673 (1) 0.114391 (1) 0.313513 (1) 0.106961 (1) 
Residue: AS4 40   0.932179 (0) 0.034700 (1) 0.002430 (1) 0.028650 (1) 0.002040 (1) 
Residue: LYS 41   0.999980 (3) 0.000020 (2) 
Residue: LYS 42   1.000000 (3) 0.000000 (2) 
Residue: GL4 48   0.910369 (0) 0.040440 (1) 0.002490 (1) 0.041860 (1) 0.004840 (1) 
Residue: LYS 52   0.997890 (3) 0.002110 (2) 
Residue: AS4 58   0.988660 (0) 0.005070 (1) 0.000000 (1) 0.006220 (1) 0.000050 (1) 
Residue: LYS 59   1.000000 (3) 0.000000 (2) 
Residue: LYS 64   0.999940 (3) 0.000060 (2) 
Residue: LYS 69   0.999560 (3) 0.000440 (2) 
Residue: GL4 73   0.482765 (0) 0.236162 (1) 0.028080 (1) 0.227892 (1) 0.025100 (1) 
Residue: AS4 77   0.909689 (0) 0.042980 (1) 0.000890 (1) 0.045630 (1) 0.000810 (1) 
Residue: GL4 78   0.461685 (0) 0.246552 (1) 0.028980 (1) 0.230822 (1) 0.031960 (1) 
Residue: LYS 82   0.999980 (3) 0.000020 (2) 
Residue: AS4 87   0.601226 (0) 0.136281 (1) 0.038630 (1) 0.149221 (1) 0.074641 (1) 
Residue: GL4 93   0.895249 (0) 0.051661 (1) 0.004560 (1) 0.047570 (1) 0.000960 (1) 
Residue: GL4 94   0.198502 (0) 0.343933 (1) 0.055841 (1) 0.345763 (1) 0.055961 (1) 
Residue: HIP 97   0.982770 (2) 0.013500 (1) 0.003730 (1) 
Residue: LYS 99   0.999840 (3) 0.000160 (2) 
Residue: LYS 102  0.999950 (3) 0.000050 (2) 
Residue: LYS 109  0.997220 (3) 0.002780 (2) 
Residue: LYS 111  0.999780 (3) 0.000220 (2) 
Residue: LYS 114  0.999390 (3) 0.000610 (2) 
Residue: AS4 117  0.486885 (0) 0.228892 (1) 0.049410 (1) 0.233122 (1) 0.001690 (1) 
