   Residue Number     State  0     State  1     State  2     State  3     State  4 
-----------------------------------------------------------------------------------
Residue: GL4 4    0.593176 (0) 0.193482 (1) 0.013510 (1) 0.183332 (1) 0.016500 (1) 
Residue: GL4 5    0.811668 (0) 0.088271 (1) 0.005120 (1) 0.089601 (1) 0.005340 (1) 
Residue: LYS 7    0.999790 (3) 0.000210 (2) 
Residue: HIP 11   0.980250 (2) 0.012670 (1) 0.007080 (1) 
Residue: GL4 13   0.336913 (0) 0.231102 (1) 0.117071 (1) 0.232132 (1) 0.082781 (1) 
Residue: LYS 18   0.995750 (3) 0.004250 (2) 
Residue: GL4 20   0.169922 (0) 0.348963 (1) 0.037020 (1) 0.414214 (1) 0.029880 (1) 
Residue: AS4 24   0.963750 (0) 0.019010 (1) 0.000330 (1) 0.016670 (1) 0.000240 (1) 
Residue: LYS 27   0.999600 (3) 0.000400 (2) 
Residue: AS4 30   0.587766 (0) 0.198252 (1) 0.015520 (1) 0.177702 (1) 0.020760 (1) 
Residue: GL4 33   0.369994 (0) 0.278383 (1) 0.047640 (1) 0.267323 (1) 0.036660 (1) 
Residue: AS4 37   0.921449 (0) 0.039230 (1) 0.000490 (1) 0.038380 (1) 0.000450 (1) 
Residue: GL4 39   0.280673 (0) 0.251923 (1) 0.105671 (1) 0.261303 (1) 0.100431 (1) 
Residue: AS4 40   0.963070 (0) 0.017760 (1) 0.000610 (1) 0.017960 (1) 0.000600 (1) 
Residue: LYS 41   0.999960 (3) 0.000040 (2) 
Residue: LYS 42   0.999980 (3) 0.000020 (2) 
Residue: GL4 48   0.944299 (0) 0.026800 (1) 0.001240 (1) 0.024640 (1) 0.003020 (1) 
Residue: LYS 52   0.996710 (3) 0.003290 (2) 
Residue: AS4 58   0.995200 (0) 0.002470 (1) 0.000000 (1) 0.002310 (1) 0.000020 (1) 
Residue: LYS 59   0.999970 (3) 0.000030 (2) 
Residue: LYS 64   0.999840 (3) 0.000160 (2) 
Residue: LYS 69   0.999410 (3) 0.000590 (2) 
Residue: GL4 73   0.570926 (0) 0.182542 (1) 0.030190 (1) 0.194822 (1) 0.021520 (1) 
Residue: AS4 77   0.961020 (0) 0.018500 (1) 0.000610 (1) 0.019650 (1) 0.000220 (1) 
Residue: GL4 78   0.612056 (0) 0.184852 (1) 0.027440 (1) 0.142101 (1) 0.033550 (1) 
Residue: LYS 82   0.999950 (3) 0.000050 (2) 
Residue: AS4 87   0.781648 (0) 0.080921 (1) 0.023100 (1) 0.086521 (1) 0.027810 (1) 
Residue: GL4 93   0.955710 (0) 0.021750 (1) 0.002330 (1) 0.019630 (1) 0.000580 (1) 
Residue: GL4 94   0.394344 (0) 0.252033 (1) 0.040460 (1) 0.258223 (1) 0.054941 (1) 
Residue: HIP 97   0.970630 (2) 0.022650 (1) 0.006720 (1) 
Residue: LYS 99   0.999370 (3) 0.000630 (2) 
Residue: LYS 102  0.999740 (3) 0.000260 (2) 
Residue: LYS 109  0.998050 (3) 0.001950 (2) 
Residue: LYS 111  0.999700 (3) 0.000300 (2) 
Residue: LYS 114  0.999590 (3) 0.000410 (2) 
Residue: AS4 117  0.638976 (0) 0.133691 (1) 0.042350 (1) 0.184572 (1) 0.000410 (1) 
