   Residue Number     State  0     State  1     State  2     State  3     State  4 
-----------------------------------------------------------------------------------
Residue: GL4 4    0.739767 (0) 0.119961 (1) 0.012190 (1) 0.112781 (1) 0.015300 (1) 
Residue: GL4 5    0.903069 (0) 0.044030 (1) 0.003310 (1) 0.046750 (1) 0.002840 (1) 
Residue: LYS 7    0.999300 (3) 0.000700 (2) 
Residue: HIP 11   0.958120 (2) 0.026690 (1) 0.015190 (1) 
Residue: GL4 13   0.567316 (0) 0.154622 (1) 0.067701 (1) 0.159672 (1) 0.050691 (1) 
Residue: LYS 18   0.991770 (3) 0.008230 (2) 
Residue: GL4 20   0.362204 (0) 0.255753 (1) 0.023410 (1) 0.336443 (1) 0.022190 (1) 
Residue: AS4 24   0.985170 (0) 0.008040 (1) 0.000290 (1) 0.006330 (1) 0.000170 (1) 
Residue: LYS 27   0.998910 (3) 0.001090 (2) 
Residue: AS4 30   0.754678 (0) 0.108161 (1) 0.009380 (1) 0.113891 (1) 0.013890 (1) 
Residue: GL4 33   0.555756 (0) 0.189922 (1) 0.037470 (1) 0.188552 (1) 0.028300 (1) 
Residue: AS4 37   0.950200 (0) 0.025180 (1) 0.000610 (1) 0.023540 (1) 0.000470 (1) 
Residue: GL4 39   0.463905 (0) 0.196062 (1) 0.077291 (1) 0.195502 (1) 0.067241 (1) 
Residue: AS4 40   0.981120 (0) 0.009240 (1) 0.000260 (1) 0.009000 (1) 0.000380 (1) 
Residue: LYS 41   0.999950 (3) 0.000050 (2) 
Residue: LYS 42   0.999950 (3) 0.000050 (2) 
Residue: GL4 48   0.967460 (0) 0.014220 (1) 0.001260 (1) 0.015460 (1) 0.001600 (1) 
Residue: LYS 52   0.994750 (3) 0.005250 (2) 
Residue: AS4 58   0.997850 (0) 0.001170 (1) 0.000030 (1) 0.000950 (1) 0.000000 (1) 
Residue: LYS 59   0.999980 (3) 0.000020 (2) 
Residue: LYS 64   0.999560 (3) 0.000440 (2) 
Residue: LYS 69   0.998520 (3) 0.001480 (2) 
Residue: GL4 73   0.686227 (0) 0.124571 (1) 0.024870 (1) 0.137951 (1) 0.026380 (1) 
Residue: AS4 77   0.983990 (0) 0.007910 (1) 0.000120 (1) 0.007920 (1) 0.000060 (1) 
Residue: GL4 78   0.748307 (0) 0.123011 (1) 0.025420 (1) 0.079901 (1) 0.023360 (1) 
Residue: LYS 82   0.999870 (3) 0.000130 (2) 
Residue: AS4 87   0.890509 (0) 0.043210 (1) 0.012860 (1) 0.044470 (1) 0.008950 (1) 
Residue: GL4 93   0.981940 (0) 0.009190 (1) 0.000810 (1) 0.007390 (1) 0.000670 (1) 
Residue: GL4 94   0.617526 (0) 0.150482 (1) 0.025360 (1) 0.152262 (1) 0.054371 (1) 
Residue: HIP 97   0.946829 (2) 0.044550 (1) 0.008620 (1) 
Residue: LYS 99   0.998550 (3) 0.001450 (2) 
Residue: LYS 102  0.999520 (3) 0.000480 (2) 
Residue: LYS 109  0.998570 (3) 0.001430 (2) 
Residue: LYS 111  0.999830 (3) 0.000170 (2) 
Residue: LYS 114  0.999740 (3) 0.000260 (2) 
Residue: AS4 117  0.754088 (0) 0.067231 (1) 0.038760 (1) 0.139661 (1) 0.000260 (1) 
