   Residue Number     State  0     State  1     State  2     State  3     State  4 
-----------------------------------------------------------------------------------
Residue: GL4 4    0.854319 (0) 0.073311 (1) 0.008150 (1) 0.052251 (1) 0.011970 (1) 
Residue: GL4 5    0.958490 (0) 0.018360 (1) 0.001510 (1) 0.020100 (1) 0.001540 (1) 
Residue: LYS 7    0.999120 (3) 0.000880 (2) 
Residue: HIP 11   0.921489 (2) 0.057001 (1) 0.021510 (1) 
Residue: GL4 13   0.756878 (0) 0.087411 (1) 0.041840 (1) 0.090081 (1) 0.023790 (1) 
Residue: LYS 18   0.986010 (3) 0.013990 (2) 
Residue: GL4 20   0.590036 (0) 0.160652 (1) 0.012040 (1) 0.224402 (1) 0.012870 (1) 
Residue: AS4 24   0.992320 (0) 0.003790 (1) 0.000120 (1) 0.003740 (1) 0.000030 (1) 
Residue: LYS 27   0.998520 (3) 0.001480 (2) 
Residue: AS4 30   0.883139 (0) 0.050661 (1) 0.004930 (1) 0.055211 (1) 0.006060 (1) 
Residue: GL4 33   0.736487 (0) 0.113751 (1) 0.020250 (1) 0.112211 (1) 0.017300 (1) 
Residue: AS4 37   0.971430 (0) 0.012120 (1) 0.000460 (1) 0.015490 (1) 0.000500 (1) 
Residue: GL4 39   0.683987 (0) 0.120671 (1) 0.046790 (1) 0.113891 (1) 0.034660 (1) 
Residue: AS4 40   0.992180 (0) 0.004100 (1) 0.000080 (1) 0.003480 (1) 0.000160 (1) 
Residue: LYS 41   0.999780 (3) 0.000220 (2) 
Residue: LYS 42   0.999720 (3) 0.000280 (2) 
Residue: GL4 48   0.982440 (0) 0.006970 (1) 0.001280 (1) 0.008330 (1) 0.000980 (1) 
Residue: LYS 52   0.990250 (3) 0.009750 (2) 
Residue: AS4 58   0.999250 (0) 0.000440 (1) 0.000000 (1) 0.000300 (1) 0.000010 (1) 
Residue: LYS 59   0.999800 (3) 0.000200 (2) 
Residue: LYS 64   0.998720 (3) 0.001280 (2) 
Residue: LYS 69   0.997880 (3) 0.002120 (2) 
Residue: GL4 73   0.799948 (0) 0.073971 (1) 0.019680 (1) 0.078241 (1) 0.028160 (1) 
Residue: AS4 77   0.993530 (0) 0.002770 (1) 0.000080 (1) 0.003580 (1) 0.000040 (1) 
Residue: GL4 78   0.867839 (0) 0.058151 (1) 0.016740 (1) 0.039680 (1) 0.017590 (1) 
Residue: LYS 82   0.999700 (3) 0.000300 (2) 
Residue: AS4 87   0.946079 (0) 0.021990 (1) 0.005480 (1) 0.023470 (1) 0.002980 (1) 
Residue: GL4 93   0.991610 (0) 0.004220 (1) 0.000100 (1) 0.003800 (1) 0.000270 (1) 
Residue: GL4 94   0.798278 (0) 0.077591 (1) 0.012400 (1) 0.079271 (1) 0.032460 (1) 
Residue: HIP 97   0.893369 (2) 0.097341 (1) 0.009290 (1) 
Residue: LYS 99   0.997560 (3) 0.002440 (2) 
Residue: LYS 102  0.999580 (3) 0.000420 (2) 
Residue: LYS 109  0.999030 (3) 0.000970 (2) 
Residue: LYS 111  0.999910 (3) 0.000090 (2) 
Residue: LYS 114  0.999100 (3) 0.000900 (2) 
Residue: AS4 117  0.856199 (0) 0.035100 (1) 0.018870 (1) 0.089641 (1) 0.000190 (1) 
