   Residue Number     State  0     State  1     State  2     State  3     State  4 
-----------------------------------------------------------------------------------
Residue: GL4 4    0.937219 (0) 0.035070 (1) 0.003330 (1) 0.019280 (1) 0.005100 (1) 
Residue: GL4 5    0.983330 (0) 0.006930 (1) 0.000800 (1) 0.008520 (1) 0.000420 (1) 
Residue: LYS 7    0.999060 (3) 0.000940 (2) 
Residue: HIP 11   0.863959 (2) 0.107441 (1) 0.028600 (1) 
Residue: GL4 13   0.885709 (0) 0.041340 (1) 0.023810 (1) 0.037180 (1) 0.011960 (1) 
Residue: LYS 18   0.975070 (3) 0.024930 (2) 
Residue: GL4 20   0.805768 (0) 0.078691 (1) 0.005050 (1) 0.104971 (1) 0.005520 (1) 
Residue: AS4 24   0.995350 (0) 0.001720 (1) 0.000010 (1) 0.002890 (1) 0.000030 (1) 
Residue: LYS 27   0.997240 (3) 0.002760 (2) 
Residue: AS4 30   0.955000 (0) 0.020340 (1) 0.001690 (1) 0.021090 (1) 0.001880 (1) 
Residue: GL4 33   0.885039 (0) 0.049750 (1) 0.006560 (1) 0.051481 (1) 0.007170 (1) 
Residue: AS4 37   0.989940 (0) 0.003400 (1) 0.000560 (1) 0.005700 (1) 0.000400 (1) 
Residue: GL4 39   0.864559 (0) 0.059621 (1) 0.016570 (1) 0.048800 (1) 0.010450 (1) 
Residue: AS4 40   0.997110 (0) 0.001440 (1) 0.000000 (1) 0.001390 (1) 0.000060 (1) 
Residue: LYS 41   0.999660 (3) 0.000340 (2) 
Residue: LYS 42   0.999460 (3) 0.000540 (2) 
Residue: GL4 48   0.987060 (0) 0.005640 (1) 0.001010 (1) 0.005500 (1) 0.000790 (1) 
Residue: LYS 52   0.978760 (3) 0.021240 (2) 
Residue: AS4 58   0.999790 (0) 0.000120 (1) 0.000000 (1) 0.000090 (1) 0.000000 (1) 
Residue: LYS 59   0.999410 (3) 0.000590 (2) 
Residue: LYS 64   0.997010 (3) 0.002990 (2) 
Residue: LYS 69   0.997790 (3) 0.002210 (2) 
Residue: GL4 73   0.904949 (0) 0.034710 (1) 0.009280 (1) 0.036240 (1) 0.014820 (1) 
Residue: AS4 77   0.997500 (0) 0.001030 (1) 0.000000 (1) 0.001450 (1) 0.000020 (1) 
Residue: GL4 78   0.948859 (0) 0.019590 (1) 0.007320 (1) 0.014620 (1) 0.009610 (1) 
Residue: LYS 82   0.999270 (3) 0.000730 (2) 
Residue: AS4 87   0.979070 (0) 0.008530 (1) 0.001820 (1) 0.009280 (1) 0.001300 (1) 
Residue: GL4 93   0.996970 (0) 0.001640 (1) 0.000000 (1) 0.001280 (1) 0.000110 (1) 
Residue: GL4 94   0.914219 (0) 0.033660 (1) 0.004600 (1) 0.034380 (1) 0.013140 (1) 
Residue: HIP 97   0.773068 (2) 0.210132 (1) 0.016800 (1) 
Residue: LYS 99   0.995660 (3) 0.004340 (2) 
Residue: LYS 102  0.999540 (3) 0.000460 (2) 
Residue: LYS 109  0.998580 (3) 0.001420 (2) 
Residue: LYS 111  0.999690 (3) 0.000310 (2) 
Residue: LYS 114  0.998650 (3) 0.001350 (2) 
Residue: AS4 117  0.924449 (0) 0.021490 (1) 0.006880 (1) 0.046990 (1) 0.000190 (1) 
