   Residue Number     State  0     State  1     State  2     State  3     State  4 
-----------------------------------------------------------------------------------
Residue: GL4 4    0.980180 (0) 0.010630 (1) 0.000920 (1) 0.006760 (1) 0.001510 (1) 
Residue: GL4 5    0.992860 (0) 0.003250 (1) 0.000310 (1) 0.003340 (1) 0.000240 (1) 
Residue: LYS 7    0.999050 (3) 0.000950 (2) 
Residue: HIP 11   0.743377 (2) 0.214622 (1) 0.042000 (1) 
Residue: GL4 13   0.957130 (0) 0.015850 (1) 0.008930 (1) 0.013780 (1) 0.004310 (1) 
Residue: LYS 18   0.946139 (3) 0.053861 (2) 
Residue: GL4 20   0.921389 (0) 0.032680 (1) 0.001720 (1) 0.042130 (1) 0.002080 (1) 
Residue: AS4 24   0.997920 (0) 0.000870 (1) 0.000010 (1) 0.001190 (1) 0.000010 (1) 
Residue: LYS 27   0.994750 (3) 0.005250 (2) 
Residue: AS4 30   0.983870 (0) 0.008180 (1) 0.000410 (1) 0.007030 (1) 0.000510 (1) 
Residue: GL4 33   0.953670 (0) 0.019570 (1) 0.002030 (1) 0.021320 (1) 0.003410 (1) 
Residue: AS4 37   0.996420 (0) 0.000710 (1) 0.000510 (1) 0.001790 (1) 0.000570 (1) 
Residue: GL4 39   0.953220 (0) 0.021320 (1) 0.005260 (1) 0.017260 (1) 0.002940 (1) 
Residue: AS4 40   0.999150 (0) 0.000430 (1) 0.000000 (1) 0.000410 (1) 0.000010 (1) 
Residue: LYS 41   0.999240 (3) 0.000760 (2) 
Residue: LYS 42   0.999010 (3) 0.000990 (2) 
Residue: GL4 48   0.990740 (0) 0.003830 (1) 0.000550 (1) 0.004230 (1) 0.000650 (1) 
Residue: LYS 52   0.952210 (3) 0.047790 (2) 
Residue: AS4 58   0.999910 (0) 0.000050 (1) 0.000000 (1) 0.000040 (1) 0.000000 (1) 
Residue: LYS 59   0.998330 (3) 0.001670 (2) 
Residue: LYS 64   0.993410 (3) 0.006590 (2) 
Residue: LYS 69   0.995850 (3) 0.004150 (2) 
Residue: GL4 73   0.959520 (0) 0.014710 (1) 0.003330 (1) 0.015520 (1) 0.006920 (1) 
Residue: AS4 77   0.999160 (0) 0.000310 (1) 0.000000 (1) 0.000530 (1) 0.000000 (1) 
Residue: GL4 78   0.981770 (0) 0.005800 (1) 0.003220 (1) 0.005630 (1) 0.003580 (1) 
Residue: LYS 82   0.998180 (3) 0.001820 (2) 
Residue: AS4 87   0.992330 (0) 0.003530 (1) 0.000310 (1) 0.003540 (1) 0.000290 (1) 
Residue: GL4 93   0.999040 (0) 0.000630 (1) 0.000000 (1) 0.000320 (1) 0.000010 (1) 
Residue: GL4 94   0.966210 (0) 0.013340 (1) 0.002050 (1) 0.013170 (1) 0.005230 (1) 
Residue: HIP 97   0.546445 (2) 0.423084 (1) 0.030470 (1) 
Residue: LYS 99   0.990360 (3) 0.009640 (2) 
Residue: LYS 102  0.998570 (3) 0.001430 (2) 
Residue: LYS 109  0.997130 (3) 0.002870 (2) 
Residue: LYS 111  0.999290 (3) 0.000710 (2) 
Residue: LYS 114  0.997140 (3) 0.002860 (2) 
Residue: AS4 117  0.960950 (0) 0.012440 (1) 0.003330 (1) 0.023220 (1) 0.000060 (1) 
