   Residue Number     State  0     State  1     State  2     State  3     State  4 
-----------------------------------------------------------------------------------
Residue: GL4 4    0.993670 (0) 0.003520 (1) 0.000220 (1) 0.002400 (1) 0.000190 (1) 
Residue: GL4 5    0.997410 (0) 0.001350 (1) 0.000070 (1) 0.001120 (1) 0.000050 (1) 
Residue: LYS 7    0.997440 (3) 0.002560 (2) 
Residue: HIP 11   0.505485 (2) 0.422804 (1) 0.071711 (1) 
Residue: GL4 13   0.985660 (0) 0.005240 (1) 0.002960 (1) 0.004680 (1) 0.001460 (1) 
Residue: LYS 18   0.881179 (3) 0.118821 (2) 
Residue: GL4 20   0.970460 (0) 0.012240 (1) 0.000620 (1) 0.015950 (1) 0.000730 (1) 
Residue: AS4 24   0.998800 (0) 0.000460 (1) 0.000000 (1) 0.000740 (1) 0.000000 (1) 
Residue: LYS 27   0.988820 (3) 0.011180 (2) 
Residue: AS4 30   0.995070 (0) 0.002520 (1) 0.000110 (1) 0.002180 (1) 0.000120 (1) 
Residue: GL4 33   0.981330 (0) 0.007650 (1) 0.000760 (1) 0.008210 (1) 0.002050 (1) 
Residue: AS4 37   0.997880 (0) 0.000200 (1) 0.000550 (1) 0.000480 (1) 0.000890 (1) 
Residue: GL4 39   0.984860 (0) 0.007360 (1) 0.001300 (1) 0.005890 (1) 0.000590 (1) 
Residue: AS4 40   0.999750 (0) 0.000140 (1) 0.000000 (1) 0.000110 (1) 0.000000 (1) 
Residue: LYS 41   0.998270 (3) 0.001730 (2) 
Residue: LYS 42   0.997550 (3) 0.002450 (2) 
Residue: GL4 48   0.992610 (0) 0.002360 (1) 0.000270 (1) 0.003110 (1) 0.001650 (1) 
Residue: LYS 52   0.882539 (3) 0.117461 (2) 
Residue: AS4 58   0.999890 (0) 0.000060 (1) 0.000000 (1) 0.000050 (1) 0.000000 (1) 
Residue: LYS 59   0.995810 (3) 0.004190 (2) 
Residue: LYS 64   0.983910 (3) 0.016090 (2) 
Residue: LYS 69   0.989630 (3) 0.010370 (2) 
Residue: GL4 73   0.982050 (0) 0.006810 (1) 0.001360 (1) 0.006150 (1) 0.003630 (1) 
Residue: AS4 77   0.999800 (0) 0.000070 (1) 0.000000 (1) 0.000130 (1) 0.000000 (1) 
Residue: GL4 78   0.993570 (0) 0.002110 (1) 0.001440 (1) 0.001980 (1) 0.000900 (1) 
Residue: LYS 82   0.996540 (3) 0.003460 (2) 
Residue: AS4 87   0.997450 (0) 0.001310 (1) 0.000130 (1) 0.001090 (1) 0.000020 (1) 
Residue: GL4 93   0.999570 (0) 0.000210 (1) 0.000000 (1) 0.000150 (1) 0.000070 (1) 
Residue: GL4 94   0.987850 (0) 0.004480 (1) 0.000640 (1) 0.004940 (1) 0.002090 (1) 
Residue: HIP 97   0.276063 (2) 0.681077 (1) 0.042860 (1) 
Residue: LYS 99   0.975410 (3) 0.024590 (2) 
Residue: LYS 102  0.996510 (3) 0.003490 (2) 
Residue: LYS 109  0.993750 (3) 0.006250 (2) 
Residue: LYS 111  0.998140 (3) 0.001860 (2) 
Residue: LYS 114  0.993270 (3) 0.006730 (2) 
Residue: AS4 117  0.981620 (0) 0.007030 (1) 0.000990 (1) 0.010340 (1) 0.000020 (1) 
