   Residue Number     State  0     State  1     State  2     State  3     State  4 
-----------------------------------------------------------------------------------
Residue: GL4 4    0.998140 (0) 0.001070 (1) 0.000020 (1) 0.000750 (1) 0.000020 (1) 
Residue: GL4 5    0.999340 (0) 0.000310 (1) 0.000010 (1) 0.000320 (1) 0.000020 (1) 
Residue: LYS 7    0.994470 (3) 0.005530 (2) 
Residue: HIP 11   0.262553 (2) 0.637136 (1) 0.100311 (1) 
Residue: GL4 13   0.994880 (0) 0.001980 (1) 0.000790 (1) 0.001780 (1) 0.000570 (1) 
Residue: LYS 18   0.716407 (3) 0.283593 (2) 
Residue: GL4 20   0.989380 (0) 0.004440 (1) 0.000220 (1) 0.005680 (1) 0.000280 (1) 
Residue: AS4 24   0.999560 (0) 0.000120 (1) 0.000000 (1) 0.000320 (1) 0.000000 (1) 
Residue: LYS 27   0.978510 (3) 0.021490 (2) 
Residue: AS4 30   0.998240 (0) 0.000830 (1) 0.000050 (1) 0.000810 (1) 0.000070 (1) 
Residue: GL4 33   0.990810 (0) 0.003360 (1) 0.000490 (1) 0.004010 (1) 0.001330 (1) 
Residue: AS4 37   0.998950 (0) 0.000060 (1) 0.000280 (1) 0.000240 (1) 0.000470 (1) 
Residue: GL4 39   0.994460 (0) 0.002760 (1) 0.000430 (1) 0.002210 (1) 0.000140 (1) 
Residue: AS4 40   0.999950 (0) 0.000030 (1) 0.000000 (1) 0.000020 (1) 0.000000 (1) 
Residue: LYS 41   0.995270 (3) 0.004730 (2) 
Residue: LYS 42   0.995560 (3) 0.004440 (2) 
Residue: GL4 48   0.995050 (0) 0.000840 (1) 0.000070 (1) 0.001620 (1) 0.002420 (1) 
Residue: LYS 52   0.712437 (3) 0.287563 (2) 
Residue: AS4 58   1.000000 (0) 0.000000 (1) 0.000000 (1) 0.000000 (1) 0.000000 (1) 
Residue: LYS 59   0.990370 (3) 0.009630 (2) 
Residue: LYS 64   0.952720 (3) 0.047280 (2) 
Residue: LYS 69   0.975550 (3) 0.024450 (2) 
Residue: GL4 73   0.992340 (0) 0.003620 (1) 0.000570 (1) 0.002280 (1) 0.001190 (1) 
Residue: AS4 77   0.999940 (0) 0.000000 (1) 0.000000 (1) 0.000060 (1) 0.000000 (1) 
Residue: GL4 78   0.997690 (0) 0.000630 (1) 0.001160 (1) 0.000440 (1) 0.000080 (1) 
Residue: LYS 82   0.991350 (3) 0.008650 (2) 
Residue: AS4 87   0.998950 (0) 0.000480 (1) 0.000030 (1) 0.000540 (1) 0.000000 (1) 
Residue: GL4 93   0.999750 (0) 0.000140 (1) 0.000000 (1) 0.000040 (1) 0.000070 (1) 
Residue: GL4 94   0.996150 (0) 0.001230 (1) 0.000180 (1) 0.001790 (1) 0.000650 (1) 
Residue: HIP 97   0.111031 (2) 0.844038 (1) 0.044930 (1) 
Residue: LYS 99   0.954680 (3) 0.045320 (2) 
Residue: LYS 102  0.991450 (3) 0.008550 (2) 
Residue: LYS 109  0.986670 (3) 0.013330 (2) 
Residue: LYS 111  0.994530 (3) 0.005470 (2) 
Residue: LYS 114  0.986400 (3) 0.013600 (2) 
Residue: AS4 117  0.994030 (0) 0.002910 (1) 0.000160 (1) 0.002900 (1) 0.000000 (1) 
