   Residue Number     State  0     State  1     State  2     State  3     State  4 
-----------------------------------------------------------------------------------
Residue: GL4 4    0.214409 (0) 0.334773 (1) 0.038082 (1) 0.368055 (1) 0.044682 (1) 
Residue: GL4 5    0.157526 (0) 0.297812 (1) 0.023881 (1) 0.483619 (1) 0.037161 (1) 
Residue: LYS 7    0.999560 (3) 0.000440 (2) 
Residue: HIP 11   0.981999 (2) 0.017881 (1) 0.000120 (1) 
Residue: GL4 13   0.107404 (0) 0.435537 (1) 0.050122 (1) 0.362374 (1) 0.044562 (1) 
Residue: LYS 18   0.996240 (3) 0.003760 (2) 
Residue: GL4 20   0.006560 (0) 0.464899 (1) 0.031841 (1) 0.464139 (1) 0.032561 (1) 
Residue: AS4 24   0.594624 (0) 0.161166 (1) 0.011280 (1) 0.220649 (1) 0.012280 (1) 
Residue: LYS 27   0.999720 (3) 0.000280 (2) 
Residue: AS4 30   0.156966 (0) 0.330813 (1) 0.045042 (1) 0.347254 (1) 0.119925 (1) 
Residue: GL4 33   0.201008 (0) 0.361014 (1) 0.031961 (1) 0.384895 (1) 0.021121 (1) 
Residue: AS4 37   0.527341 (0) 0.219449 (1) 0.007200 (1) 0.237770 (1) 0.008240 (1) 
Residue: GL4 39   0.066763 (0) 0.342214 (1) 0.069323 (1) 0.347014 (1) 0.174687 (1) 
Residue: AS4 40   0.898596 (0) 0.076003 (1) 0.001720 (1) 0.023521 (1) 0.000160 (1) 
Residue: LYS 41   1.000000 (3) 0.000000 (2) 
Residue: LYS 42   1.000000 (3) 0.000000 (2) 
Residue: GL4 48   0.965719 (0) 0.020201 (1) 0.006680 (1) 0.006680 (1) 0.000720 (1) 
Residue: LYS 52   0.999640 (3) 0.000360 (2) 
Residue: AS4 58   0.975679 (0) 0.012360 (1) 0.000000 (1) 0.011920 (1) 0.000040 (1) 
Residue: LYS 59   1.000000 (3) 0.000000 (2) 
Residue: LYS 64   0.999800 (3) 0.000200 (2) 
Residue: LYS 69   1.000000 (3) 0.000000 (2) 
Residue: GL4 73   0.258970 (0) 0.325973 (1) 0.041842 (1) 0.341174 (1) 0.032041 (1) 
Residue: AS4 77   0.626545 (0) 0.145366 (1) 0.002440 (1) 0.223329 (1) 0.002320 (1) 
Residue: GL4 78   0.256370 (0) 0.403096 (1) 0.027521 (1) 0.300572 (1) 0.012440 (1) 
Residue: LYS 82   1.000000 (3) 0.000000 (2) 
Residue: AS4 87   0.333133 (0) 0.205128 (1) 0.040202 (1) 0.363015 (1) 0.058522 (1) 
Residue: GL4 93   0.739550 (0) 0.089884 (1) 0.010400 (1) 0.150526 (1) 0.009640 (1) 
Residue: GL4 94   0.026521 (0) 0.419097 (1) 0.055082 (1) 0.441698 (1) 0.057602 (1) 
Residue: HIP 97   0.997400 (2) 0.002600 (1) 0.000000 (1) 
Residue: LYS 99   1.000000 (3) 0.000000 (2) 
Residue: LYS 102  0.999920 (3) 0.000080 (2) 
Residue: LYS 109  0.997240 (3) 0.002760 (2) 
Residue: LYS 111  1.000000 (3) 0.000000 (2) 
Residue: LYS 114  0.999800 (3) 0.000200 (2) 
Residue: AS4 117  0.688548 (0) 0.019681 (1) 0.000000 (1) 0.285851 (1) 0.005920 (1) 
