   Residue Number     State  0     State  1     State  2     State  3     State  4 
-----------------------------------------------------------------------------------
Residue: GL4 4    0.423617 (0) 0.237850 (1) 0.019561 (1) 0.292852 (1) 0.026121 (1) 
Residue: GL4 5    0.623345 (0) 0.234969 (1) 0.016561 (1) 0.118925 (1) 0.006200 (1) 
Residue: LYS 7    0.999920 (3) 0.000080 (2) 
Residue: HIP 11   0.996040 (2) 0.003920 (1) 0.000040 (1) 
Residue: GL4 13   0.043722 (0) 0.441618 (1) 0.066883 (1) 0.390056 (1) 0.057722 (1) 
Residue: LYS 18   0.997200 (3) 0.002800 (2) 
Residue: GL4 20   0.040562 (0) 0.436737 (1) 0.032281 (1) 0.445578 (1) 0.044842 (1) 
Residue: AS4 24   0.793792 (0) 0.088724 (1) 0.001800 (1) 0.112845 (1) 0.002840 (1) 
Residue: LYS 27   0.999120 (3) 0.000880 (2) 
Residue: AS4 30   0.259610 (0) 0.374735 (1) 0.053402 (1) 0.255570 (1) 0.056682 (1) 
Residue: GL4 33   0.159206 (0) 0.398576 (1) 0.031121 (1) 0.376215 (1) 0.034881 (1) 
Residue: AS4 37   0.870635 (0) 0.067483 (1) 0.002040 (1) 0.059002 (1) 0.000840 (1) 
Residue: GL4 39   0.094764 (0) 0.415777 (1) 0.050802 (1) 0.419977 (1) 0.018681 (1) 
Residue: AS4 40   0.812072 (0) 0.051922 (1) 0.003480 (1) 0.104084 (1) 0.028441 (1) 
Residue: LYS 41   1.000000 (3) 0.000000 (2) 
Residue: LYS 42   1.000000 (3) 0.000000 (2) 
Residue: GL4 48   0.916677 (0) 0.035401 (1) 0.001360 (1) 0.041682 (1) 0.004880 (1) 
Residue: LYS 52   0.999560 (3) 0.000440 (2) 
Residue: AS4 58   0.953878 (0) 0.022801 (1) 0.000240 (1) 0.023081 (1) 0.000000 (1) 
Residue: LYS 59   1.000000 (3) 0.000000 (2) 
Residue: LYS 64   0.999840 (3) 0.000160 (2) 
Residue: LYS 69   0.998600 (3) 0.001400 (2) 
Residue: GL4 73   0.378095 (0) 0.302692 (1) 0.054402 (1) 0.244890 (1) 0.019921 (1) 
Residue: AS4 77   0.762430 (0) 0.119085 (1) 0.001880 (1) 0.115325 (1) 0.001280 (1) 
Residue: GL4 78   0.371295 (0) 0.332373 (1) 0.012881 (1) 0.270691 (1) 0.012761 (1) 
Residue: LYS 82   1.000000 (3) 0.000000 (2) 
Residue: AS4 87   0.432697 (0) 0.274051 (1) 0.034041 (1) 0.247730 (1) 0.011480 (1) 
Residue: GL4 93   0.954038 (0) 0.038242 (1) 0.000000 (1) 0.007720 (1) 0.000000 (1) 
Residue: GL4 94   0.076083 (0) 0.325613 (1) 0.170247 (1) 0.319973 (1) 0.108084 (1) 
Residue: HIP 97   0.988040 (2) 0.002800 (1) 0.009160 (1) 
Residue: LYS 99   0.999840 (3) 0.000160 (2) 
Residue: LYS 102  1.000000 (3) 0.000000 (2) 
Residue: LYS 109  0.999720 (3) 0.000280 (2) 
Residue: LYS 111  1.000000 (3) 0.000000 (2) 
Residue: LYS 114  1.000000 (3) 0.000000 (2) 
Residue: AS4 117  0.525421 (0) 0.131325 (1) 0.007840 (1) 0.330653 (1) 0.004760 (1) 
