   Residue Number     State  0     State  1     State  2     State  3     State  4 
-----------------------------------------------------------------------------------
Residue: GL4 4    0.449098 (0) 0.255290 (1) 0.037481 (1) 0.235929 (1) 0.022201 (1) 
Residue: GL4 5    0.630945 (0) 0.177927 (1) 0.008960 (1) 0.172927 (1) 0.009240 (1) 
Residue: LYS 7    0.999960 (3) 0.000040 (2) 
Residue: HIP 11   0.963119 (2) 0.027761 (1) 0.009120 (1) 
Residue: GL4 13   0.083643 (0) 0.134925 (1) 0.603424 (1) 0.095244 (1) 0.082763 (1) 
Residue: LYS 18   0.992680 (3) 0.007320 (2) 
Residue: GL4 20   0.046722 (0) 0.446698 (1) 0.034401 (1) 0.433817 (1) 0.038362 (1) 
Residue: AS4 24   0.915157 (0) 0.034281 (1) 0.001360 (1) 0.048042 (1) 0.001160 (1) 
Residue: LYS 27   0.999360 (3) 0.000640 (2) 
Residue: AS4 30   0.821313 (0) 0.089964 (1) 0.002160 (1) 0.084603 (1) 0.001960 (1) 
Residue: GL4 33   0.191168 (0) 0.368895 (1) 0.050642 (1) 0.309492 (1) 0.079803 (1) 
Residue: AS4 37   0.983719 (0) 0.009840 (1) 0.000040 (1) 0.006400 (1) 0.000000 (1) 
Residue: GL4 39   0.130005 (0) 0.395496 (1) 0.037722 (1) 0.402856 (1) 0.033921 (1) 
Residue: AS4 40   0.908196 (0) 0.044762 (1) 0.000400 (1) 0.045802 (1) 0.000840 (1) 
Residue: LYS 41   1.000000 (3) 0.000000 (2) 
Residue: LYS 42   1.000000 (3) 0.000000 (2) 
Residue: GL4 48   0.977159 (0) 0.009400 (1) 0.000520 (1) 0.012521 (1) 0.000400 (1) 
Residue: LYS 52   0.998800 (3) 0.001200 (2) 
Residue: AS4 58   0.996520 (0) 0.001680 (1) 0.000000 (1) 0.001800 (1) 0.000000 (1) 
Residue: LYS 59   1.000000 (3) 0.000000 (2) 
Residue: LYS 64   0.999920 (3) 0.000080 (2) 
Residue: LYS 69   0.999120 (3) 0.000880 (2) 
Residue: GL4 73   0.482299 (0) 0.234969 (1) 0.022081 (1) 0.240490 (1) 0.020161 (1) 
Residue: AS4 77   0.950278 (0) 0.005840 (1) 0.000000 (1) 0.043722 (1) 0.000160 (1) 
Residue: GL4 78   0.566063 (0) 0.193328 (1) 0.008040 (1) 0.224969 (1) 0.007600 (1) 
Residue: LYS 82   0.999960 (3) 0.000040 (2) 
Residue: AS4 87   0.407696 (0) 0.241130 (1) 0.067363 (1) 0.240770 (1) 0.043042 (1) 
Residue: GL4 93   0.793912 (0) 0.103924 (1) 0.002160 (1) 0.091164 (1) 0.008840 (1) 
Residue: GL4 94   0.208368 (0) 0.347694 (1) 0.030481 (1) 0.366895 (1) 0.046562 (1) 
Residue: HIP 97   0.980919 (2) 0.018841 (1) 0.000240 (1) 
Residue: LYS 99   1.000000 (3) 0.000000 (2) 
Residue: LYS 102  0.999920 (3) 0.000080 (2) 
Residue: LYS 109  0.999960 (3) 0.000040 (2) 
Residue: LYS 111  1.000000 (3) 0.000000 (2) 
Residue: LYS 114  0.999640 (3) 0.000360 (2) 
Residue: AS4 117  0.389256 (0) 0.531461 (1) 0.004120 (1) 0.074683 (1) 0.000480 (1) 
