   Residue Number     State  0     State  1     State  2     State  3     State  4 
-----------------------------------------------------------------------------------
Residue: GL4 4    0.881115 (0) 0.055362 (1) 0.010200 (1) 0.047602 (1) 0.005720 (1) 
Residue: GL4 5    0.892796 (0) 0.054002 (1) 0.002280 (1) 0.048802 (1) 0.002120 (1) 
Residue: LYS 7    0.999760 (3) 0.000240 (2) 
Residue: HIP 11   0.999560 (2) 0.000240 (1) 0.000200 (1) 
Residue: GL4 13   0.105444 (0) 0.203848 (1) 0.007400 (1) 0.296052 (1) 0.387255 (1) 
Residue: LYS 18   0.991920 (3) 0.008080 (2) 
Residue: GL4 20   0.094124 (0) 0.391016 (1) 0.060042 (1) 0.398176 (1) 0.056642 (1) 
Residue: AS4 24   0.905196 (0) 0.027241 (1) 0.000840 (1) 0.065123 (1) 0.001600 (1) 
Residue: LYS 27   0.997880 (3) 0.002120 (2) 
Residue: AS4 30   0.994680 (0) 0.002120 (1) 0.000640 (1) 0.002560 (1) 0.000000 (1) 
Residue: GL4 33   0.250730 (0) 0.354414 (1) 0.020641 (1) 0.316733 (1) 0.057482 (1) 
Residue: AS4 37   0.987720 (0) 0.005240 (1) 0.000000 (1) 0.005160 (1) 0.001880 (1) 
Residue: GL4 39   0.337854 (0) 0.303612 (1) 0.013001 (1) 0.332213 (1) 0.013321 (1) 
Residue: AS4 40   0.947798 (0) 0.024081 (1) 0.000720 (1) 0.026801 (1) 0.000600 (1) 
Residue: LYS 41   0.999960 (3) 0.000040 (2) 
Residue: LYS 42   1.000000 (3) 0.000000 (2) 
Residue: GL4 48   0.964279 (0) 0.020841 (1) 0.001040 (1) 0.013321 (1) 0.000520 (1) 
Residue: LYS 52   0.992400 (3) 0.007600 (2) 
Residue: AS4 58   0.997360 (0) 0.001120 (1) 0.000040 (1) 0.001480 (1) 0.000000 (1) 
Residue: LYS 59   0.999920 (3) 0.000080 (2) 
Residue: LYS 64   0.999760 (3) 0.000240 (2) 
Residue: LYS 69   0.999720 (3) 0.000280 (2) 
Residue: GL4 73   0.663067 (0) 0.166247 (1) 0.014081 (1) 0.151886 (1) 0.004720 (1) 
Residue: AS4 77   0.969919 (0) 0.007520 (1) 0.000080 (1) 0.022321 (1) 0.000160 (1) 
Residue: GL4 78   0.413217 (0) 0.169527 (1) 0.004160 (1) 0.389256 (1) 0.023841 (1) 
Residue: LYS 82   0.999960 (3) 0.000040 (2) 
Residue: AS4 87   0.573263 (0) 0.176487 (1) 0.023921 (1) 0.182647 (1) 0.043682 (1) 
Residue: GL4 93   0.986119 (0) 0.011240 (1) 0.000000 (1) 0.002640 (1) 0.000000 (1) 
Residue: GL4 94   0.290292 (0) 0.200968 (1) 0.014161 (1) 0.207128 (1) 0.287451 (1) 
Residue: HIP 97   0.963759 (2) 0.024961 (1) 0.011280 (1) 
Residue: LYS 99   0.999920 (3) 0.000080 (2) 
Residue: LYS 102  1.000000 (3) 0.000000 (2) 
Residue: LYS 109  0.995080 (3) 0.004920 (2) 
Residue: LYS 111  1.000000 (3) 0.000000 (2) 
Residue: LYS 114  0.999960 (3) 0.000040 (2) 
Residue: AS4 117  0.895596 (0) 0.094324 (1) 0.000640 (1) 0.009440 (1) 0.000000 (1) 
