   Residue Number     State  0     State  1     State  2     State  3     State  4 
-----------------------------------------------------------------------------------
Residue: GL4 4    0.778591 (0) 0.101644 (1) 0.007120 (1) 0.107684 (1) 0.004960 (1) 
Residue: GL4 5    0.917677 (0) 0.030681 (1) 0.002680 (1) 0.046322 (1) 0.002640 (1) 
Residue: LYS 7    1.000000 (3) 0.000000 (2) 
Residue: HIP 11   0.964959 (2) 0.025721 (1) 0.009320 (1) 
Residue: GL4 13   0.183847 (0) 0.131645 (1) 0.375855 (1) 0.229009 (1) 0.079643 (1) 
Residue: LYS 18   0.999160 (3) 0.000840 (2) 
Residue: GL4 20   0.332773 (0) 0.314893 (1) 0.045442 (1) 0.286131 (1) 0.020761 (1) 
Residue: AS4 24   0.967639 (0) 0.022721 (1) 0.000320 (1) 0.008840 (1) 0.000480 (1) 
Residue: LYS 27   0.999800 (3) 0.000200 (2) 
Residue: AS4 30   0.946278 (0) 0.031881 (1) 0.001000 (1) 0.020761 (1) 0.000080 (1) 
Residue: GL4 33   0.427257 (0) 0.266811 (1) 0.013921 (1) 0.267731 (1) 0.024281 (1) 
Residue: AS4 37   0.975239 (0) 0.002680 (1) 0.000000 (1) 0.022081 (1) 0.000000 (1) 
Residue: GL4 39   0.228689 (0) 0.105364 (1) 0.009560 (1) 0.107364 (1) 0.549022 (1) 
Residue: AS4 40   0.978999 (0) 0.008920 (1) 0.000400 (1) 0.011280 (1) 0.000400 (1) 
Residue: LYS 41   0.999960 (3) 0.000040 (2) 
Residue: LYS 42   0.999920 (3) 0.000080 (2) 
Residue: GL4 48   0.987680 (0) 0.009040 (1) 0.000000 (1) 0.003280 (1) 0.000000 (1) 
Residue: LYS 52   0.984399 (3) 0.015601 (2) 
Residue: AS4 58   0.998360 (0) 0.000760 (1) 0.000000 (1) 0.000880 (1) 0.000000 (1) 
Residue: LYS 59   0.999960 (3) 0.000040 (2) 
Residue: LYS 64   0.999560 (3) 0.000440 (2) 
Residue: LYS 69   0.999360 (3) 0.000640 (2) 
Residue: GL4 73   0.764351 (0) 0.118725 (1) 0.008480 (1) 0.103284 (1) 0.005160 (1) 
Residue: AS4 77   0.989320 (0) 0.004840 (1) 0.000000 (1) 0.005840 (1) 0.000000 (1) 
Residue: GL4 78   0.782391 (0) 0.042442 (1) 0.116205 (1) 0.052242 (1) 0.006720 (1) 
Residue: LYS 82   0.999920 (3) 0.000080 (2) 
Residue: AS4 87   0.639706 (0) 0.151966 (1) 0.031441 (1) 0.152766 (1) 0.024121 (1) 
Residue: GL4 93   0.961838 (0) 0.022601 (1) 0.000000 (1) 0.015401 (1) 0.000160 (1) 
Residue: GL4 94   0.504300 (0) 0.110404 (1) 0.273691 (1) 0.105004 (1) 0.006600 (1) 
Residue: HIP 97   0.929437 (2) 0.068163 (1) 0.002400 (1) 
Residue: LYS 99   0.999520 (3) 0.000480 (2) 
Residue: LYS 102  0.999840 (3) 0.000160 (2) 
Residue: LYS 109  0.998560 (3) 0.001440 (2) 
Residue: LYS 111  0.999960 (3) 0.000040 (2) 
Residue: LYS 114  0.999560 (3) 0.000440 (2) 
Residue: AS4 117  0.976919 (0) 0.013721 (1) 0.000000 (1) 0.009200 (1) 0.000160 (1) 
