   Residue Number     State  0     State  1     State  2     State  3     State  4 
-----------------------------------------------------------------------------------
Residue: GL4 4    0.864195 (0) 0.064563 (1) 0.002360 (1) 0.066843 (1) 0.002040 (1) 
Residue: GL4 5    0.922717 (0) 0.038682 (1) 0.002920 (1) 0.033561 (1) 0.002120 (1) 
Residue: LYS 7    0.999160 (3) 0.000840 (2) 
Residue: HIP 11   0.623025 (2) 0.311132 (1) 0.065843 (1) 
Residue: GL4 13   0.761070 (0) 0.096084 (1) 0.017521 (1) 0.120125 (1) 0.005200 (1) 
Residue: LYS 18   0.989880 (3) 0.010120 (2) 
Residue: GL4 20   0.580503 (0) 0.224929 (1) 0.006480 (1) 0.179327 (1) 0.008760 (1) 
Residue: AS4 24   0.996720 (0) 0.000440 (1) 0.000000 (1) 0.002760 (1) 0.000080 (1) 
Residue: LYS 27   0.996400 (3) 0.003600 (2) 
Residue: AS4 30   0.898996 (0) 0.049242 (1) 0.002200 (1) 0.043242 (1) 0.006320 (1) 
Residue: GL4 33   0.761990 (0) 0.102244 (1) 0.018761 (1) 0.109884 (1) 0.007120 (1) 
Residue: AS4 37   0.982359 (0) 0.007920 (1) 0.000600 (1) 0.006680 (1) 0.002440 (1) 
Residue: GL4 39   0.798472 (0) 0.096164 (1) 0.003920 (1) 0.096804 (1) 0.004640 (1) 
Residue: AS4 40   0.991600 (0) 0.005840 (1) 0.000000 (1) 0.002560 (1) 0.000000 (1) 
Residue: LYS 41   0.999920 (3) 0.000080 (2) 
Residue: LYS 42   0.999920 (3) 0.000080 (2) 
Residue: GL4 48   0.987640 (0) 0.007000 (1) 0.002080 (1) 0.003280 (1) 0.000000 (1) 
Residue: LYS 52   0.988360 (3) 0.011640 (2) 
Residue: AS4 58   0.999840 (0) 0.000080 (1) 0.000000 (1) 0.000080 (1) 0.000000 (1) 
Residue: LYS 59   0.999800 (3) 0.000200 (2) 
Residue: LYS 64   0.999000 (3) 0.001000 (2) 
Residue: LYS 69   0.999000 (3) 0.001000 (2) 
Residue: GL4 73   0.891356 (0) 0.045442 (1) 0.012721 (1) 0.042242 (1) 0.008240 (1) 
Residue: AS4 77   0.991320 (0) 0.003920 (1) 0.000040 (1) 0.004560 (1) 0.000160 (1) 
Residue: GL4 78   0.877915 (0) 0.024201 (1) 0.009200 (1) 0.087403 (1) 0.001280 (1) 
Residue: LYS 82   0.999800 (3) 0.000200 (2) 
Residue: AS4 87   0.907236 (0) 0.048522 (1) 0.000680 (1) 0.042442 (1) 0.001120 (1) 
Residue: GL4 93   0.997000 (0) 0.002400 (1) 0.000000 (1) 0.000600 (1) 0.000000 (1) 
Residue: GL4 94   0.843434 (0) 0.072683 (1) 0.005480 (1) 0.071483 (1) 0.006920 (1) 
Residue: HIP 97   0.922637 (2) 0.070203 (1) 0.007160 (1) 
Residue: LYS 99   0.999280 (3) 0.000720 (2) 
Residue: LYS 102  0.999440 (3) 0.000560 (2) 
Residue: LYS 109  0.990400 (3) 0.009600 (2) 
Residue: LYS 111  0.999880 (3) 0.000120 (2) 
Residue: LYS 114  0.999760 (3) 0.000240 (2) 
Residue: AS4 117  0.973279 (0) 0.009280 (1) 0.000080 (1) 0.016681 (1) 0.000680 (1) 
