   Residue Number     State  0     State  1     State  2     State  3     State  4 
-----------------------------------------------------------------------------------
Residue: GL4 4    0.956518 (0) 0.019641 (1) 0.000840 (1) 0.020841 (1) 0.002160 (1) 
Residue: GL4 5    0.983039 (0) 0.006800 (1) 0.000240 (1) 0.008680 (1) 0.001240 (1) 
Residue: LYS 7    0.999880 (3) 0.000120 (2) 
Residue: HIP 11   0.687508 (2) 0.287732 (1) 0.024761 (1) 
Residue: GL4 13   0.830673 (0) 0.087483 (1) 0.005200 (1) 0.075523 (1) 0.001120 (1) 
Residue: LYS 18   0.994080 (3) 0.005920 (2) 
Residue: GL4 20   0.785671 (0) 0.092164 (1) 0.008800 (1) 0.102004 (1) 0.011360 (1) 
Residue: AS4 24   0.990160 (0) 0.000600 (1) 0.000000 (1) 0.009160 (1) 0.000080 (1) 
Residue: LYS 27   0.997280 (3) 0.002720 (2) 
Residue: AS4 30   0.977079 (0) 0.008360 (1) 0.000400 (1) 0.014161 (1) 0.000000 (1) 
Residue: GL4 33   0.913917 (0) 0.038642 (1) 0.000480 (1) 0.035441 (1) 0.011520 (1) 
Residue: AS4 37   0.997160 (0) 0.000840 (1) 0.000040 (1) 0.000160 (1) 0.001800 (1) 
Residue: GL4 39   0.920397 (0) 0.037241 (1) 0.001160 (1) 0.040202 (1) 0.001000 (1) 
Residue: AS4 40   0.996960 (0) 0.002640 (1) 0.000000 (1) 0.000400 (1) 0.000000 (1) 
Residue: LYS 41   0.999920 (3) 0.000080 (2) 
Residue: LYS 42   0.999960 (3) 0.000040 (2) 
Residue: GL4 48   0.993240 (0) 0.004440 (1) 0.000000 (1) 0.002240 (1) 0.000080 (1) 
Residue: LYS 52   0.993560 (3) 0.006440 (2) 
Residue: AS4 58   0.999880 (0) 0.000080 (1) 0.000000 (1) 0.000040 (1) 0.000000 (1) 
Residue: LYS 59   0.999800 (3) 0.000200 (2) 
Residue: LYS 64   0.996480 (3) 0.003520 (2) 
Residue: LYS 69   0.997120 (3) 0.002880 (2) 
Residue: GL4 73   0.917517 (0) 0.037882 (1) 0.001280 (1) 0.040002 (1) 0.003320 (1) 
Residue: AS4 77   0.999360 (0) 0.000080 (1) 0.000000 (1) 0.000520 (1) 0.000040 (1) 
Residue: GL4 78   0.977799 (0) 0.009320 (1) 0.000320 (1) 0.011840 (1) 0.000720 (1) 
Residue: LYS 82   0.999720 (3) 0.000280 (2) 
Residue: AS4 87   0.966199 (0) 0.010520 (1) 0.000040 (1) 0.018721 (1) 0.004520 (1) 
Residue: GL4 93   0.998880 (0) 0.000960 (1) 0.000000 (1) 0.000160 (1) 0.000000 (1) 
Residue: GL4 94   0.925597 (0) 0.034161 (1) 0.002320 (1) 0.033801 (1) 0.004120 (1) 
Residue: HIP 97   0.816153 (2) 0.152006 (1) 0.031841 (1) 
Residue: LYS 99   0.998560 (3) 0.001440 (2) 
Residue: LYS 102  0.999440 (3) 0.000560 (2) 
Residue: LYS 109  0.991360 (3) 0.008640 (2) 
Residue: LYS 111  0.999880 (3) 0.000120 (2) 
Residue: LYS 114  0.997680 (3) 0.002320 (2) 
Residue: AS4 117  0.977479 (0) 0.006640 (1) 0.000000 (1) 0.015881 (1) 0.000000 (1) 
