   Residue Number     State  0     State  1     State  2     State  3     State  4 
-----------------------------------------------------------------------------------
Residue: GL4 4    0.990520 (0) 0.004040 (1) 0.000240 (1) 0.004640 (1) 0.000560 (1) 
Residue: GL4 5    0.995880 (0) 0.001840 (1) 0.000200 (1) 0.002000 (1) 0.000080 (1) 
Residue: LYS 7    0.999560 (3) 0.000440 (2) 
Residue: HIP 11   0.709788 (2) 0.235489 (1) 0.054722 (1) 
Residue: GL4 13   0.871275 (0) 0.063123 (1) 0.002880 (1) 0.057842 (1) 0.004880 (1) 
Residue: LYS 18   0.990120 (3) 0.009880 (2) 
Residue: GL4 20   0.922437 (0) 0.037441 (1) 0.001520 (1) 0.036041 (1) 0.002560 (1) 
Residue: AS4 24   0.998960 (0) 0.000000 (1) 0.000000 (1) 0.001040 (1) 0.000000 (1) 
Residue: LYS 27   0.997240 (3) 0.002760 (2) 
Residue: AS4 30   0.988440 (0) 0.003200 (1) 0.000000 (1) 0.008360 (1) 0.000000 (1) 
Residue: GL4 33   0.959358 (0) 0.022081 (1) 0.000480 (1) 0.015841 (1) 0.002240 (1) 
Residue: AS4 37   0.993440 (0) 0.005800 (1) 0.000000 (1) 0.000520 (1) 0.000240 (1) 
Residue: GL4 39   0.946158 (0) 0.013801 (1) 0.000480 (1) 0.012240 (1) 0.027321 (1) 
Residue: AS4 40   0.999920 (0) 0.000000 (1) 0.000000 (1) 0.000080 (1) 0.000000 (1) 
Residue: LYS 41   0.999520 (3) 0.000480 (2) 
Residue: LYS 42   0.999720 (3) 0.000280 (2) 
Residue: GL4 48   0.999800 (0) 0.000000 (1) 0.000000 (1) 0.000200 (1) 0.000000 (1) 
Residue: LYS 52   0.948438 (3) 0.051562 (2) 
Residue: AS4 58   1.000000 (0) 0.000000 (1) 0.000000 (1) 0.000000 (1) 0.000000 (1) 
Residue: LYS 59   0.999120 (3) 0.000880 (2) 
Residue: LYS 64   0.993320 (3) 0.006680 (2) 
Residue: LYS 69   0.994880 (3) 0.005120 (2) 
Residue: GL4 73   0.971319 (0) 0.013761 (1) 0.000960 (1) 0.013161 (1) 0.000800 (1) 
Residue: AS4 77   0.999200 (0) 0.000560 (1) 0.000000 (1) 0.000240 (1) 0.000000 (1) 
Residue: GL4 78   0.990640 (0) 0.004360 (1) 0.000120 (1) 0.003520 (1) 0.001360 (1) 
Residue: LYS 82   0.998600 (3) 0.001400 (2) 
Residue: AS4 87   0.968799 (0) 0.013561 (1) 0.000080 (1) 0.017441 (1) 0.000120 (1) 
Residue: GL4 93   0.999160 (0) 0.000560 (1) 0.000000 (1) 0.000280 (1) 0.000000 (1) 
Residue: GL4 94   0.976879 (0) 0.011560 (1) 0.000920 (1) 0.010120 (1) 0.000520 (1) 
Residue: HIP 97   0.451738 (2) 0.545782 (1) 0.002480 (1) 
Residue: LYS 99   0.995280 (3) 0.004720 (2) 
Residue: LYS 102  0.998920 (3) 0.001080 (2) 
Residue: LYS 109  0.995720 (3) 0.004280 (2) 
Residue: LYS 111  0.999880 (3) 0.000120 (2) 
Residue: LYS 114  0.997160 (3) 0.002840 (2) 
Residue: AS4 117  0.955958 (0) 0.042202 (1) 0.000000 (1) 0.001840 (1) 0.000000 (1) 
