   Residue Number     State  0     State  1     State  2     State  3     State  4 
-----------------------------------------------------------------------------------
Residue: GL4 4    0.995520 (0) 0.001400 (1) 0.000400 (1) 0.002560 (1) 0.000120 (1) 
Residue: GL4 5    0.999000 (0) 0.000240 (1) 0.000000 (1) 0.000760 (1) 0.000000 (1) 
Residue: LYS 7    0.997760 (3) 0.002240 (2) 
Residue: HIP 11   0.885355 (2) 0.106724 (1) 0.007920 (1) 
Residue: GL4 13   0.988720 (0) 0.005520 (1) 0.000240 (1) 0.005040 (1) 0.000480 (1) 
Residue: LYS 18   0.860754 (3) 0.139246 (2) 
Residue: GL4 20   0.969959 (0) 0.014881 (1) 0.000360 (1) 0.014081 (1) 0.000720 (1) 
Residue: AS4 24   1.000000 (0) 0.000000 (1) 0.000000 (1) 0.000000 (1) 0.000000 (1) 
Residue: LYS 27   0.985599 (3) 0.014401 (2) 
Residue: AS4 30   0.998520 (0) 0.000760 (1) 0.000000 (1) 0.000240 (1) 0.000480 (1) 
Residue: GL4 33   0.975799 (0) 0.010920 (1) 0.007880 (1) 0.004920 (1) 0.000480 (1) 
Residue: AS4 37   0.993120 (0) 0.000000 (1) 0.000000 (1) 0.000000 (1) 0.006880 (1) 
Residue: GL4 39   0.984519 (0) 0.007640 (1) 0.000200 (1) 0.007480 (1) 0.000160 (1) 
Residue: AS4 40   0.999280 (0) 0.000360 (1) 0.000000 (1) 0.000360 (1) 0.000000 (1) 
Residue: LYS 41   0.996240 (3) 0.003760 (2) 
Residue: LYS 42   0.997440 (3) 0.002560 (2) 
Residue: GL4 48   0.995400 (0) 0.001080 (1) 0.000040 (1) 0.003480 (1) 0.000000 (1) 
Residue: LYS 52   0.701068 (3) 0.298932 (2) 
Residue: AS4 58   1.000000 (0) 0.000000 (1) 0.000000 (1) 0.000000 (1) 0.000000 (1) 
Residue: LYS 59   0.998800 (3) 0.001200 (2) 
Residue: LYS 64   0.974519 (3) 0.025481 (2) 
Residue: LYS 69   0.990960 (3) 0.009040 (2) 
Residue: GL4 73   0.982359 (0) 0.009440 (1) 0.001200 (1) 0.006640 (1) 0.000360 (1) 
Residue: AS4 77   0.999960 (0) 0.000040 (1) 0.000000 (1) 0.000000 (1) 0.000000 (1) 
Residue: GL4 78   0.995520 (0) 0.001800 (1) 0.000040 (1) 0.002520 (1) 0.000120 (1) 
Residue: LYS 82   0.987439 (3) 0.012561 (2) 
Residue: AS4 87   0.986599 (0) 0.005760 (1) 0.000120 (1) 0.007400 (1) 0.000120 (1) 
Residue: GL4 93   0.999800 (0) 0.000200 (1) 0.000000 (1) 0.000000 (1) 0.000000 (1) 
Residue: GL4 94   0.985079 (0) 0.005960 (1) 0.001360 (1) 0.006400 (1) 0.001200 (1) 
Residue: HIP 97   0.353414 (2) 0.628305 (1) 0.018281 (1) 
Residue: LYS 99   0.989080 (3) 0.010920 (2) 
Residue: LYS 102  0.996960 (3) 0.003040 (2) 
Residue: LYS 109  0.996200 (3) 0.003800 (2) 
Residue: LYS 111  0.999120 (3) 0.000880 (2) 
Residue: LYS 114  0.972439 (3) 0.027561 (2) 
Residue: AS4 117  0.983319 (0) 0.005800 (1) 0.005760 (1) 0.005120 (1) 0.000000 (1) 
