   Residue Number     State  0     State  1     State  2     State  3     State  4 
-----------------------------------------------------------------------------------
Residue: GL4 4    0.998800 (0) 0.000680 (1) 0.000000 (1) 0.000520 (1) 0.000000 (1) 
Residue: GL4 5    0.997360 (0) 0.001360 (1) 0.000120 (1) 0.000720 (1) 0.000440 (1) 
Residue: LYS 7    0.999480 (3) 0.000520 (2) 
Residue: HIP 11   0.163847 (2) 0.722829 (1) 0.113325 (1) 
Residue: GL4 13   0.997040 (0) 0.001720 (1) 0.000000 (1) 0.001240 (1) 0.000000 (1) 
Residue: LYS 18   0.960318 (3) 0.039682 (2) 
Residue: GL4 20   0.988200 (0) 0.005160 (1) 0.000200 (1) 0.006360 (1) 0.000080 (1) 
Residue: AS4 24   0.999840 (0) 0.000000 (1) 0.000000 (1) 0.000160 (1) 0.000000 (1) 
Residue: LYS 27   0.976799 (3) 0.023201 (2) 
Residue: AS4 30   0.999200 (0) 0.000360 (1) 0.000000 (1) 0.000440 (1) 0.000000 (1) 
Residue: GL4 33   0.994480 (0) 0.002480 (1) 0.000520 (1) 0.002480 (1) 0.000040 (1) 
Residue: AS4 37   0.995120 (0) 0.000160 (1) 0.000640 (1) 0.000080 (1) 0.004000 (1) 
Residue: GL4 39   0.995000 (0) 0.002960 (1) 0.000120 (1) 0.001880 (1) 0.000040 (1) 
Residue: AS4 40   1.000000 (0) 0.000000 (1) 0.000000 (1) 0.000000 (1) 0.000000 (1) 
Residue: LYS 41   0.996760 (3) 0.003240 (2) 
Residue: LYS 42   0.996920 (3) 0.003080 (2) 
Residue: GL4 48   1.000000 (0) 0.000000 (1) 0.000000 (1) 0.000000 (1) 0.000000 (1) 
Residue: LYS 52   0.971759 (3) 0.028241 (2) 
Residue: AS4 58   1.000000 (0) 0.000000 (1) 0.000000 (1) 0.000000 (1) 0.000000 (1) 
Residue: LYS 59   0.994520 (3) 0.005480 (2) 
Residue: LYS 64   0.975919 (3) 0.024081 (2) 
Residue: LYS 69   0.983639 (3) 0.016361 (2) 
Residue: GL4 73   0.997120 (0) 0.000960 (1) 0.000280 (1) 0.001600 (1) 0.000040 (1) 
Residue: AS4 77   1.000000 (0) 0.000000 (1) 0.000000 (1) 0.000000 (1) 0.000000 (1) 
Residue: GL4 78   0.999520 (0) 0.000200 (1) 0.000000 (1) 0.000280 (1) 0.000000 (1) 
Residue: LYS 82   0.992160 (3) 0.007840 (2) 
Residue: AS4 87   0.993080 (0) 0.002720 (1) 0.000000 (1) 0.004200 (1) 0.000000 (1) 
Residue: GL4 93   0.999280 (0) 0.000120 (1) 0.000000 (1) 0.000240 (1) 0.000360 (1) 
Residue: GL4 94   0.998320 (0) 0.000360 (1) 0.000040 (1) 0.001280 (1) 0.000000 (1) 
Residue: HIP 97   0.133565 (2) 0.863035 (1) 0.003400 (1) 
Residue: LYS 99   0.970679 (3) 0.029321 (2) 
Residue: LYS 102  0.992440 (3) 0.007560 (2) 
Residue: LYS 109  0.992520 (3) 0.007480 (2) 
Residue: LYS 111  0.994080 (3) 0.005920 (2) 
Residue: LYS 114  0.991680 (3) 0.008320 (2) 
Residue: AS4 117  0.998960 (0) 0.000360 (1) 0.000000 (1) 0.000680 (1) 0.000000 (1) 
